609757287142531072
378503612399644673
733402964375699457
664292382049832961
609754308574380033
747179548010254336
746007029546913792
694905815157882880
705395196817702912
659539494815813632
693244415104663552
688910703395258373
707011428784287745
770959899186561024
588413902939103233
621479419408949248
628724710684127233
717028309935263744
717904776688771072
740230947816235009
756099802752880642
380388878823071744
732991537982939136
762059962101198848
622776887476158464
704311160603090944
688905807027638272
770046784722829312
735891345915707394
771331483772579840
728416300872151040
637138362093174784
684829324457934849
601360736594571264
631180761748643840
695774072098136064
773325006130515968
614595178247102464
606282931225673728
746825486676877312
728230016656363520
587336319321407488
708710453581651968
660179193381134336
769207018045321216
683695996136755200
676975830627655686
747114444514168832
774671254850772992
714942796730204160
764133361560485888
609785799551397888
626544812662067200
702928116642144256
755021918718132225
755071063843680256
606559157664104448
631554545701756928
740964361552941056
768893565095280641
625319923657670657
709545127052779520
706572229014904832
558803493809836033
676945185675354114
587368273160839169
774349582981558273
621451099531255808
695450203868954629
696140660177555456
374645764867125248
659154141655252992
604098438804934657
759420944486174722
644348404043268096
740373403283099648
701476615897874433
739095653331046401
762677497691566081
718112054683373568
755588987033645056
660157452227334145
597864201118449664
745647857345101824
668597149291184128
756621878995935232
615933212842434560
596432831515078656
514917530478317568
708716700342943744
641325074960748545
692554304369090562
708005221667086337
425477910871281664
756321039609651200
620595741753372672
762003451584745472
588823804559888384
438511699134795776
737272479052365824
658353854589763584
720794512063205376
616592189309747200
756582517566681089
732213306065223680
699703477669388289
729310545480957952
757776714273546241
687451900892037120
757756194626895873
763803468347928577
535528506877575169
639502513142669312
740003205166321665
662006802683441153
756664755528540160
653010917429411840
520643622409367552
735843360934645760
732392120686903296
674330344741564416
683026492473892865
747513069874589696
594885836073771008
736922729429901313
659537231133192192
755584109439754241
747514041078276096
755482327266897920
626211023037435905
471986886601605121
614427390886969344
638039590591438849
765238605837111300
721862481451200512
741122964813447168
595722469350191104
704389072454815744
756642903469031424
691371008834551808
664279189332324352
751401960381767680
659827991665639424
770291230966251520
642050680526635008
676558263190622208
692902770865803264
698701627373547520
603668484627771392
625788571320995840
747175708800188417
758098017601880064
760450399870578688
609088778649636864
695450842728525824
598557558165614592
678412495703433216
608736363362533378
659108232397500416
633049608185344000
535560212938518528
625132744675356672
751543607891558400
608663843829641216
648947770615836672
766642051844800512
744876285730627584
758502354329169924
758452780990402560
756860753668440064
761399185258127360
698701081564545025
692455117216468993
763481807425773568
641398505173557249
664264848021307394
758450423002959872
765626239679946752
707372658397155330
730109255081070592
609790004638973952
675382057388916736
749680542568722433
614079976892182528
594270535367929857
758491460685615104
646102208765894657
713770759789744128
732326511924105220
691797519152627712
632160521572233216
710630353422196737
620686153402822656
654126218548264960
763793285219438592
712092398898257920
688913824532049920
636871928280653824
758503496782077952
595721980055257090
636701029812277248
716689186674327552
676895306206871552
769684579561201665
715219203658113024
662725510812688385
665735289181073412
645794949967904768
384861493143306240
763786270237687808
715302800343883781
722615531258396672
678578670034804736
723506812998307840
766385768516419584
691348050875326464
706490256598544385
721133437231366144
709893380105510918
752900404460023809
676943997097664512
638473017132216322
614435138232037376
620600135987281924
734156204432183297
629480066532155392
615264631930638336
702319836903428097
722443970912108544
600741964389179392
653630349738512384
641437691066781697
368075557881524224
722878358346973184
626427623636357122
656143592239464448
665736168688906240
753276953780744193
745293890798903298
746099306390659072
702316449956806656
701110837910622208
778286389448339457
609705640257290240
725133247395598336
755733883870703616
769294148792754177
643079491875676160
755121581827977216
714133628066762752
743869620159909888
765898264709304320
675085214918549506
588050586563665921
665718159500926978
659900713091391488
773249047935197184
650416782621155328
621481037999271936
704847663905284096
724945973353562113
717805848467210241
774245447514873858
734811611395948546
768895538267906053
654366668190273536
688559089824190464
720778104143273984
758862726391148544
757926349302472704
588348199947075584
639614504343572480
697971311260389377
740965834470916097
707565768368640000
684535884675477508
712036328268034049
749242183362961408
665738642820698114
738188742247260161
349633984256417794
614915868796059648
759754839836327936
691450338331721729
609743717738631168
688906941289074688
598883713892638720
608249918076157952
742410092457406464
694263870328741888
683842294324269058
717882777882861568
751542261175951360
699702367533584384
620605642974167040
756909139306110976
654113744436502528
716367552247504896
661583295252185088
757380230382178304
706514002596257792
627590783533744128
758857758137397248
624649679788228608
741409978376957952
759917053524316161
726938033493299200
574621709543870466
650389907429527552
753618387369095168
609760094146981888
712714943951474688
705496896635346944
699801830352523266
705873851096420352
632978518322888704
763795811771777024
712736659318571008
637080882516389888
735552919953637380
684453584273014784
651730456711294976
620599577700270080
772073250561986560
725330911902863360
538030705826361344
595722663877844992
626776257041158144
648548117353209856
734812676526870529
752913890548199425
772893252898983936
722893834435211265
597577705023008769
659397364101328896
600410569129205760
768471887903096833
676961255027040257
734000138549481475
689268472006586368
703744706719703041
773353464223129601
606494093489881088
758845669280878593
717450761387515905
757778054815047680
773690611971088384
660963001680326656
634075501615808512
641606090120146944
765233814255857664
763845551628574720
755587002989412353
746856200113815552
609756577986424832
401541001417728000
609761702494736384
721383154834141184
720787355209199616
777673718982184964
664272185192640513
753275598894751744
725002074459512832
657608823675461632
758855347138244608
738745426879369216
672885087663296512
697828774533009409
700528718066819072
644940119540150272
589134649307303937
748500552095391745
688019462792953856
593422060199677955
642469828918411264
742883216105803781
616074435443830786
700478265744605184
666242727735070720
715213723061735424
751952082194751489
738450617849524224
687097406371033088
758094764566732800
715310922584219653
593420598291890176
757725952696811522
703734263041159168
640657060967907328
698701161088577540
603537496257994752
706655793660235777
689632527309479938
753560766645620736
714972555057184770
752863722020929536
760955255542743042
616041096167227394
689683714125754368
650055634298236928
699711465092202496
634126361368653824
759560905952677888
746750216762720256
764890514713899008
591590246749462528
695427552957968386
755086189112221696
725670275887431680
744988038493769728
669909882502520832
711584662817153024
609756079673769985
661892332971782144
761236077294260224
710813865248997376
706560064400699392
758328057325244416
691824810050113541
728676442523848704
653592446140555264
357336749472612352
611970773260062720
413004018429198336
669604640837771265
765238753225048064
704433741293158401
706649487696130048
673573623181914112
654103747702980608
709706219905228801
752897336007913472
602976265759498240
767354949613346816
724778204838375424
687841034009731073
755938754590715904
756901746421690368
768890594538164224
694295698725060608
647074600371752960
717338087387492352
725133992886951936
690366031496249344
773627088683339776
659881016941760512
648657431799668736
717866569951481856
717748413698347013
697981964649762816
665723484195045376
605716931522490368
734733197032951808
557331318527508480
770273692387450882
758856080793317378
768892546470801408
701767700775890945
676947650214821893
694712263735910400
719623601729769473
742759450860257280
749045049275609088
699302969842495488
774022705515368448
702320891435356160
685883808067932161
749980211760996352
773855854831493121
704623697773068288
767890423188746241
661571645446864896
758129111525097472
430154695860953088
447233637054820352
651911204328341504
757260083717935104
742072889860579329
577984339243331584
700169200837529600
694378891138437121
708105958363422721
629391960575348736
652918902142431232
743556345606057985
746424930179289089
758106679590420480
758472094778847233
729811224326750208
651569964382597120
628313510741733376
758853003180843008
735577428161073152
693121725496569856
697852256557928448
730557554644770817
686272910806376450
622806246622691328
703035682651029504
744532685998161920
678418296719437824
744629982757064705
605408272322043904
758507446675668996
650784369012031488
774402528490520576
688915605781614592
701045886131052546
715312796498571265
662821328022429696
709786692647911424
764970778852986880
733457884344766465
491989336250798080
679300468154220545
659535691811004416
707769860948934657
665732852626145280
758006314446360576
740526342974889988
720780638333333505
775451233536577536
484295213209620480
607953291872313344
695443310744240129
692898355018633216
673153847246893057
758864122205261824
690692418740453376
706601727471050752
707404069967699968
684917395765489664
623890463758643200
636695627708108800
654805621091401728
701511335260069888
657201882558017536
581238635594403840
706280429691801601
738508272282533888
769262968664010752
609138690376527872
694377694818074625
773679891434856448
623940328375107584
758131784857088001
657700672436088832
625445240577622016
761307468928462848
754681490768736256
601203601822846976
746135775327092736
624006795690967041
767918458612875264
700782237646606336
760990664373002245
651070235349487620
699704464429727746
758864830119895041
721100285175660545
558067419311534080
702952248599384065
774942510582038529
625335375968501761
764994984022052865
644309743742414848
697577439296360449
695060627702689795
662816508293152769
651094785982394368
693647113192882176
659546907564482560
614541904722665472
715291004991967232
634727755993776128
724690076781916161
709896769858043904
695459206313472000
628292409701597184
658391875401814016
772439580691861504
712988811681206272
659536340489490434
692910102106501121
648661300646674432
650390705437863936
695444302869057537
674026743066300416
761544914144403456
696023384568700928
742443337840484352
688911254304325632
658980324089663488
622103114104086528
747449000857636864
349676416088014848
639249827155550208
654103102598062080
774685012335726592
599641837570301952
689597325468110848
612341152570834944
758845812092702720
759549269368041472
725132403207995394
688907890208452611
714589515025891329
665729117917020161
678294693424275456
726878319736672256
644340058607198208
692913905337815044
647102715617771520
713840159138181121
736647194644713472
750881048276439040
767434140497084416
688936318420807681
776117687936282624
739593541874159620
614902279657943040
630728591450312705
694968463622668288
621153656054923264
609714362761261056
734554362031181824
662822427018162176
767497704591257604
482377124431421441
741378346404044800
597426542340374528
715215229072748544
593449489207304192
663703906787135488
711657613709201408
628928803239272448
700518164451500032
700753190795485186
753055678391083013
704881748207861760
770331185692180480
637986112594558976
765288353419890688
672605412693319681
709019106192842752
670636112751304704
760264360291815424
774026353645584384
649573475645005827
646505389383618560
681941092850348032
758841983330725888
345624650186891264
597144313500454912
751133678269587456
745782613797969920
745695909103702016
741788913476481024
659410707243335680
702978989250326530
758858968718385152
753277643664027648
771154406037450752
614586901173899266
758453050285621249
654115156444753920
695089991702204416
628600562926374913
688500552150441989
752559624184688640
645058842708066304
470325803482619904
659528688757841920
763032112689623040
637626300354723840
771122533609373700
410767329698381825
656557196361072640
617042432925016064
643230044538699776
757767223134093316
653974078198521857
695445837296480256
695429603754553344
759079265233149953
758866600330039298
720820593420058624
725125731274072064
662819894828756992
658122179599560704
769313795416219648
707040063813754880
738446756980068352
690164705135083520
655129548506333184
697984942987472896
772963506127765505
629463259217817601
740373188220178433
738033823464710144
662818948409266178
695802677696073728
701896834172723202
715602178619080708
683382333429256192
620605913250934784
703345295904501760
688906412781625344
686739066080129024
668776735748587521
610538884825546752
728366819996733440
747432851843481600
703745074396602371
743230014833954816
692893354770563072
755222229365972992
776749248943628289
659455586111766528
621101147219206144
625698069879910400
777903138221109248
610130953600692226
691771514656530432
661921787257724928
615887546417942529
740370706534436864
614254719482130432
726934261002047488
654119591535321088
673626314595782656
659422271736578049
675802970953539584
609760299546222592
673269196172558336
742408690985226241
493081150202847233
631249101913354240
656648875734794240
773684415054708736
762326407649329152
664267714781978624
480822509822959616
698900574738186241
685150388979396608
658015074842517504
735454688028569601
763797656846102529
666417479040782336
690911059603927040
609758306031284225
595769369101213697
651069652865581056
758507811550728192
706306473299722240
742407644284092417
581267449523343360
762675570937298944
588847953114222592
566411457298841600
771006655316320260
681663502164033536
735595522506031105
736000828159315969
630410695935426561
662473707412176896
654130570314797056
714562217635553280
708140820256440321
709909344708640768
704845853526265856
709571211496448003
607337234300313601
668941018511908864
644324514373963776
733448272359129088
722215597845532673
745063650193457152
642751136567574528
700736425042415616
727582702749159424
629831213600108544
670258833747410944
655138965666799616
451501362464190464
758504576035262464
657668568612478976
770752265552531456
699021179458338818
758863021305278464
767757680316342273
699710951562596355
633714674895196160
636713003044466688
674043792375332864
746437359382708225
620716536110583809
661529645603426304
659530534226411520
659784766372388864
727950990863958021
741317714103402496
665721290360160256
611159037724499968
659556301127725056
670370572019376128
605376152409153536
755957580703404032
439077420495544321
704848057838526464
774026882966777856
758504673972191232
721068854042972160
581537849054519296
566692386282418176
755600468483551232
758503605238427649
664292956208103425
712716739738517504
774020340850761728
609743256306458624
629474958918479872
722194052129648640
768891920731017216
735893370539773952
654425087790219264
743123070693449728
704742145840668672
645260649468071938
640541752764579840
722508698006884352
750419098136416256
603363827741270016
700559577100722176
756333445358481412
600445996200501248
698675522956607488
644318587080060928
757636305803182080
617815330253967360
691826232539922432
710286683296632832
684788077735374848
709958795997347842
698718835403313152
648265876525875200
607294031320776704
773685541271379968
668541031202226180
658334624616194048
763796425037713408
752887225742925825
659136244471975936
722364527719936000
612408244527628288
735103692546809857
700382703200276481
771484431219564544
713529061088346114
600092467086622721
751092479013695488
667386095601115136
771168270711975936
773727805263736832
713755536236228608
643143094192484353
755436780086759425
730746465274855424
678748425614188550
727593188144381953
661683845826134016
758831770833858564
598117964211171329
654125001344450560
653283679389773824
698652012230135808
598633036910108672
663808039409971200
740379623968608257
610237310513319936
736682925266198529
740152594224558080
709902633830629376
729847099056111616
741443616594395137
752954885646278656
629481461486370816
687077802856857602
687107359999705088
687782494993821696
664512527947005952
410884668607959040
758860629306290176
663916917011275776
709911251795763201
762000226811011072
722630094188097536
712717056458801152
746343756123738112
746352589407674368
682281904129708033
701830242680180736
754872190957301761
686933207904841728
694377179443040256
684111811298373638
691809539075735552
759889007455207424
753273187518087168
750729621251981312
664262026357825536
588073861029167104
662380800072003584
765270946693382145
773893169717149697
664907205540519936
762739172054601728
758500973836922880
758855196852092928
723260853357674497
769932174191648770
521446005544615936
765579185582698497
720363220985229312
714307955542372353
741259364657463296
728030325968900096
750719440786976768
609753610696695808
627626168984809472
657746919226216449
604429379490344960
617488990883737600
757603036978089984
677235668603506689
720297155672608768
752887334786531328
753382670730571777
603181479057842177
699449919980072960
653206170467987456
645270736467308544
663880265366790144
617075895875014656
400831807786348545
776392901362319360
739990452816994304
642821976978014208
740360628976668672
678415611597320192
713149848523051008
721770041709051904
718940200752295936
705075594451505153
659547993033584640
755058365936447488
599253962055938049
707717775205253121
657350080555520001
643243291715194880
704847165454217216
664274953454284800
642717929696559106
658125900286926848
659425500448890881
727615378352836608
733043070791520257
757762395787911168
743157530780655616
672766708340363264
651069880746307584
758499540584501249
739790041497501696
745588079600218112
695452827913572352
688196146099929092
451047120267919360
638502741837373440
654128669292666880
703037753219551232
600462901669945344
670666355222409217
653237461024382976
659526490829299712
727991266365952000
644311512836931584
745299197600145408
593047280036511745
724962897462366208
632683758781661184
605096449622294528
633099257432657920
706674861024911360
609750953009508352
764122715812945920
758370570069237760
649382296366264321
758073231748259840
659534078270509056
703039693752016896
648308931371122688
752474802699415557
659549570502942720
758089389276889088
725388975934955520
753321799681572864
713858982075613184
719946478895120384
688928659751759874
678398399012610048
611683906673332225
612002144686874627
640301344264482817
773682724527824897
707601396519051265
758720181631913985
764996549558534144
692919529622671360
751542474972291072
630920321990795264
636690910206644226
640262501226127360
758501814945869824
703034136445976576
750037589118291968
702966350642352128
654113430111133696
758498410018312192
758498819759804416
598584624449724417
679766144954179584
756955836191154176
619594866276847616
697986100829253632
614563263733481472
772873887214407680
686706267679633408
612745164445106176
763799303831822336
677120793835278336
659344238132355072
639181904659525635
730381439955554304
766403410090483712
676894487268990976
753273975338364928
688932332011675649
629497403486404608
609756905838395392
675152832799105024
698361309067419649
611916516901191681
610133968822923265
603696142044557312
593134420556705792
665910363691479040
707757234109988864
692904511598411778
603585683727491072
617159632545517568
735857164670140418
692195848407613443
764105343978930176
662253885722116096
715557893513158656
763484156827471873
680434842056699907
606560675108782080
758103750766628864
675364190450810880
762076523432116224
761604762030792704
684422434859184128
692373682883264515
661721106273947650
637641605688786944
659553987105042432
593512338801594368
707422691918106624
621477792371355649
730866597066211328
747865622030200832
724393520950210560
556163273738166272
609336600930189312
664990187160805376
707271356275146752
747924647790936064
748711731560579074
653653786364350465
664966738556100608
473509138928922624
754406021024612352
709872110651514880
754348981648515072
644167278196600832
670990034124730368
656810009943105536
758357998838222848
746171897499508739
715726495122108416
688916691321925634
731632320961216513
617855151865507841
697963723923787777
768085260542152704
606559122469744641
645044174383882240
752666171791454208
610875265129029632
358363269603409920
644316286898540544
774641850238005248
730822607444922368
725415149516013568
616667741928464384
583291187559284736
751540060659515393
771691993835638784
573340998287413248
728704692830658560
654123422474240000
706988429586898947
758492329888014337
647484922760953856
597047070873264128
600993824836562944
657271533916688385
721031626411622400
654125318656139265
752901286677377024
748249006887829504
637026769711853568
757729082498912256
694161426882105344
674367901739151361
683353163416514560
704637754806820868
724600096071901185
712099377553125376
763540143034609667
629769753683476480
707769234999406592
653677442347986944
745271373363290113
745050210372575234
764186498044456961
660627032649441281
755858863300026368
650054874068058112
738471902235131904
777702286499860480
776826132691881985
600810141743714304
758874703771471872
696696798967156737
609756866185441280
769194879448604672
736364661524811776
750029259956166661
678605426556973056
696337160945975296
764148577643929600
712384523917516801
704834210079625217
667515624197783552
663367444069675008
645974772275408896
764497479182196736
655518952551006208
591644894768324609
666329631390216193
756914386002972672
768933949217312768
491311768648417282
773697548389380097
689625123289178113
675790058734141441
711697489993150465
617833886228344832
747137246642442240
467479562172248064
714904719819341824
758136895146758147
750416665855361024
620599840758599680
687852120775757825
730543448084852736
605811190220988416
637234296965701632
577984032857829377
755374488213086209
664463343231471618
577984196460855297
646031260364705792
742367624089194496
725077793697062912
541298556574109696
664294905531883520
715302089094782977
650815385764241408
624290907634958336
734184658523430913
741983463721553920
664273425112825856
766776538679443456
758845287817355264
676920084061921280
740352924203798528
727226308330029061
700495428169564161
658126133192474624
704847414461648897
757307608097325061
697239997011922944
757777047523557376
470220916375707648
757019012165349376
606606406205210624
703641376714465281
674060790492737536
758478073587085312
758432301353017344
651784323130093568
654112940929511424
758132785123123205
647889431991599104
606557717965062144
601180389886005248
694378686104084480
703046973377667073
762476184047198208
709967521290571777
694009853543587841
735894176534007808
642090794933972992
758861340320501761
757773990173806592
612622468285616128
628958513373519872
731602950523518976
644340958566445056
665723054337605633
589462318242725888
678700225717002240
654099993930936326
647199129630830592
757756727416717312
709091991036895232
657566104404033536
715889492746330112
756997587522191360
674799547072294912
687828875821355009
753976302970044416
687390161806749696
738705629389295621
696177630199083008
587419742505426944
676941931314827264
637020371703734273
620601651833909248
626910522009604096
762737540470374400
696817282463322113
609799334436192257
695086025660579840
748185186957922304
735141691259293697
687065270842687488
654127367984709632
609749699155873792
628570813277433856
535605199705239552
679348542721380352
657343789279911936
644617650719576065
666061905899839490
699451069181591552
593966357038952449
738483185240023040
755871154729025537
693848484114362368
725764405074382849
753008496099090432
614434318023290884
708082871622365184
758021854770724864
711273756933693440
627942909367709696
636639978999549952
743464285972533249
756613499959275525
774610373114732545
706961192552701952
703055697454436352
724630697588211712
705753283915284480
676761254481018880
728294044632129537
616065111577358336
758473028527280128
644352520366768129
708710814115569664
757763989359173632
740972975680290820
763167527933386752
724813832095289344
536279302619553794
758861238243762180
588116660520902656
680911743632175104
693499385305550850
692347859111428096
625135499850686464
657935337021247488
765969781916860416
595722068588630016
658792683620708352
660065123948560385
638853171083935745
358006740077391872
648989588338384896
609752147459219456
604845567911542784
708134958888591360
691829059932852225
772917063522328576
720067739293863936
697458033392091136
750734210223202305
727932354883248129
638126970908377089
761934268033540097
703760474693832704
609761354975682560
757290614815727616
699954097584279552
718127026549424128
671784078195236865
762738782269476864
719610237314080768
636562456618381312
750419606758653953
714564948513460225
696427737775472642
722600935340523520
630889514618195968
400320098059444224
631119035170717696
696148121903108096
687099781626331136
729868122673577984
649960501909278720
722150542366085122
726220886454468609
606547770904690689
685630323141533696
755580704440913920
713107843327524865
606557931107000320
629461943934414848
757778172205203456
760836150760050689
774076193259810816
629492381361029120
735271751140147201
654130163425366017
768101311741038592
695092432929701892
667167492582830080
595729940227727361
697970268388651009
689161981064957955
687109175973908481
717116245271789568
731986563505246208
739242286329044992
695000926390738948
696903874125254656
728748722138533888
757754260633321472
674264371095339008
732762408255623168
699710681403232256
745692268896595970
606557507666862082
635100405890834432
577983890889039872
640205432112418817
687839074552537090
756607450074185730
609701946732187648
733315192528871428
715217362937470977
758314209272823808
605881333068406785
746063493573509120
649778426841317376
628326067078606850
724616455845720066
701074843861544960
695085202243248128
730762680911400960
712280152944865281
699704385035759616
758507103057223685
659090821841580032
595382782983016451
715670353968803840
730810180410167297
699710799200329728
765554761231892480
617781360460189697
733768274970857473
729754618540888064
453688842621431808
766757098592079872
702194363187773440
774062203213385728
643237205406842880
648830263317794816
750851893480521728
748894019208359944
728387988393238530
672863535882465280
596394202675675136
725112873714900992
692911934077812737
698884889706422273
720404768967958529
771105785996775424
606558991582261248
658741619345199104
703737790304002048
696844515479519232
609754703971356673
715217490368827396
758498099581054976
617858226957209600
612714173676417024
756319596366495750
758846722625855496
659536885795168256
482269553766854657
719719906279833600
749794902381301760
693825201923100674
695094625976127488
735658327812628480
497095699197333504
694315133800153090
691087221361872897
774804256901693440
677676889184407552
725129061425668096
703043302816354304
596330497711722496
768257096290742272
688933589212344324
711983231399305216
643231611891392512
694377539364593665
396334924778975232
646089892196323328
745751853116325888
657205747906912256
748137353298862080
588078953870585856
673923643701927937
709183932646862849
631215356724559872
621866432104636416
757032217914642433
671730841618391040
772118606582775808
676969152066756608
609757428532576256
707753297789239296
643174279241179136
721159872985739265
695816747048398848
616260969426231296
653342714851893248
769598338576547841
718515702915796992
761199386227511296
570749660341657600
725396721115750400
601068100914667522
662815622733041664
614082297067909120
720803199909801985
753395070523629568
609756444603326464
627119459078119424
687831412528025605
623506332071632896
745337568615555073
697534634020593664
745726305971372032
758478362587168768
689226031996256258
616027133119471616
756681823556628480
645640717478432768
665959244219457536
681195405393051648
639547851127812096
768864106656956420
736964018779394048
758444896512606208
609757700092751874
674301875785768960
757756583430479872
748925792873279488
727670062782545924
695092834504941572
619892625206865920
758477059286982657
769956055145189376
756912653709275137
465601750431322113
691783474810855424
630854596206923776
709191756072538112
664111072631214080
650391843235065857
442426026371870720
707690616218636288
722846239335804928
602186636022145024
654990700539285505
695442138281041920
774426775581495297
616390395388383232
758501211012210689
758863989132496897
651202369326198787
732780632720445440
606203314196348928
748341366242021376
670651641788391424
693606025773973504
726937251461140482
686575998666719232
760100389932773377
692830526411927552
756316324096274435
657250282158608385
741316543800352768
702252915080216576
671491899048353792
686912978059456516
738850588448960512
735500275960688643
688871165759217664
616260460980105217
778414941376245760
697778601282957314
718951179565162496
758508281937534976
726538652910686208
763797895111933952
647837964832260096
703694383263121411
703033142924468226
760225566318555140
711721323148390400
733371236005249024
718574621524680708
763800851693568001
630545198930595841
614151643815350273
603208255310065664
727845367996256256
712367073117261826
681548459678253060
620596619696717824
625669205032091648
706653273432915969
595989817462267904
692772944351748096
758863680037466116
771165328311250945
720781463180984321
753999369595158528
681475888974807041
665712447748071424
655841493156925440
720812281941135365
687101151725117440
755085094843478016
753978880097222656
507526916447150080
616368524525707264
750868980299104256
724762000853626880
742482739257958400
618193217624895488
749394367748665344
735821664609554433
724313224305360896
706654121114271744
643757770861228032
726867935516565504
753277364612788224
661250093262204929
408772884283555841
695431440620650497
606544043695206400
694530447020290049
725309452837130240
605343938686414848
645317053172326400
624685423382564864
715212822884429824
704862926671249408
514556684325650432
635628010742415360
650520412477083648
758457565701296128
753616440880693249
651947444742127616
722408699290132480
756607664763834368
674591526526275584
672493442707136512
677178495286538240
709176644574044160
735587968610631681
732373696787152896
671528530635833344
665720279440625664
758471581639254016
609757637580845056
715308306827460608
710146670093332481
706670045410299904
717797172154998784
703610149777383424
637431555707826176
705598496934633474
712297360353837056
609757959619510272
754340847655813120
768890947228663808
695096030145208320
738860341526958080
751023340198952960
700423266410893312
755087553003393024
738835931898257408
717535401490137088
706200222586826752
716787846233743360
758506190691299329
720964183009988608
743583729138995200
619233079878680582
740996208827731968
699053811294466052
757321383374417921
765238409669537792
756317550909292544
772578400208842752
718217649100967936
608791770759954432
754338319522201600
773884319030976512
756331886704730112
745239426872205312
734182751847522304
758478812975726592
682328190988193792
719617115217661953
711205708776214528
696873437122449412
693893908976144384
654122869492944897
767366136824467456
771801270113935360
400134441022267392
587353897779515392
723578677556965376
715343479421984768
777177731536596992
714567049863778304
725478252156841984
707383345961947136
734112880178651136
609763010576543744
727531382885339137
664297201280008192
768894878105427968
738551659329138688
699453434773311490
401538806668460032
770005293757505536
588078770868908032
702902122283552768
608968888370515968
454801510065786880
597560997679910913
763786048702967808
723530002617229312
695455950392709121
727637840620879873
758503716223913984
735177387994800128
650388619925041153
647380851349524480
751544249716445184
697072732547076096
699984795053514756
761956307054235648
726773343664377856
710194278467698688
725132538814054400
757752784447995904
706676163310186496
612642995188465664
759388655576154113
685539884321341440
692895086170902529
654106145158787072
740013095012212736
746073128644784128
405060412585959424
708149176723492864
776621762545156096
625813160449191936
676087329992392704
740314992931569664
759781226731438080
645989733055758336
669139347250290690
577560394987921408
481052866610593794
713187812590354432
741077241409511424
773520924607930368
693941389768265728
669500374395539457
591991199424208896
695082251650994176
695702667742478336
679385041961623553
758862933489127425
768830280585052160
670715660771659776
359659535008415745
776830537767981056
665602034805121024
756900726115299328
723190318351441920
627882359791030272
620595947987316737
747128992168292354
725134434563973120
754121501729849344
667371059885301761
758140220340572160
628676133572100097
750454711317397504
588064642481659905
610600022741254144
645604642055827457
767007582556786688
606542381836435456
773277667164585984
755592356146085888
635625693116825600
724736171948040192
606946374995709953
608383554045804544
669280465526906880
742068030620962817
758882182253338628
695764254855733248
620603014777278465
768910514688815105
717459392921255936
672904781413896197
663910819378298880
746406051747008513
386101512742912000
741717376845123584
423988521502658560
656199705169268736
758497423169843200
773532014511349761
770381671996719104
747460630249013248
714919922002956288
609520910945636352
633393013532725248
743533823648894976
758740516154421248
739571492028092416
606559825032396800
369605784981995520
749348045914079232
756608171125465088
694173676535693312
695429834768449536
600000186597900289
724711752928247808
760954895767863296
725007863106682880
687096275729297409
755905315120480259
742407933108092929
734853553852841984
756647127187656705
763827045503737860
654111672446132224
761670119458217984
700806367267848193
775435854466744320
734929339276496897
709195309562384384
641608126261796865
626499063886671874
735208003155165184
660606571173408769
518142267291631616
679662079884836864
626809957900505088
609754189154123776
671876968183291904
730925276167692288
717094357011140609
701170664770772992
714437333098110976
654117057349459968
648473836719964160
723663639450947584
769983034464563200
706181084728401921
771899397437259776
684885818482278400
758129399480717314
709909985803821056
700763247679373312
753666142137233408
709836097434558464
601462550845239296
719337567137751040
683088786666991616
777664718848745473
557739125886169088
751543251895721984
753275280077316096
753971186820870144
666762920555057152
687112266974650369
710912693885128704
646742121433726976
768892730785267713
626193952333537281
691384630973313024
621480415145160704
759181533743681536
757774948928720896
704850687641985024
757766513013194752
762361057394458624
687818083021512704
665738933116862464
758473271604051968
712684486605955074
732574280425328640
708868283680878592
759931755163848709
725390574929465345
758473736857251844
599667391711281152
723304185232547845
755938539792134144
737345906807214080
615959041454555136
756330871238561792
736163748977598464
605844812965617664
765684563368706048
605538957619642368
641609783745880064
719978036175773696
654117344978059265
771072624227123200
772208796928212993
699421429423542276
761605038850596864
715309937958719489
593418004706234368
595722568713273345
770992562618368000
623242000498884609
620601428369764355
628271116142800896
743273251036553217
765236752336429056
738853327543341056
755574238086569984
604703680919662592
631646842003017728
709530791831838720
706662768020209668
618486218716762114
594505097629011968
654458002326491136
776826575161614336
669251350216208384
667407077669625856
663479542325997568
418117050003779584
599030004215713792
756905359747481600
684542443715432449
637311545572229121
761691520218955777
654093999972724736
620606250166792193
758457774351093761
701147880019644417
619540950575120384
763801168950820868
698707008946622465
657248062763638784
694386200392683520
742070501032534017
635224103251787776
697251888316567554
657361067430014976
763802816762802176
757246458563219456
677546044218036224
742757215333928961
646867663788990464
685139278200963072
667690360362020864
737681012713525249
692020859972771841
730465305999380480
742426734188990464
703746542839136257
738897355710291968
687103005943017474
654113179711242240
777301674377478144
704666829474562049
501735800279941120
629047133988089856
719677513820086272
775435555601543168
758500391730483204
575047986356551680
694182123373215745
752888042688577536
609367839967969280
720813394278944769
758500036149927936
758502698765385728
490136058818883584
643473792170369024
740372092630237184
755085964314308609
694223294401114112
708123394563284993
709516883477798912
491364575392964608
603261317139529729
705574354894061568
695000617308274689
657689074740940800
741036783698345988
717477133631623168
761714706532995072
688758962695442432
700524062288846848
650733950806196225
735476558949801984
743785125918420992
622947003790721024
699706579311058944
598602876613730304
725840534909100032
693634950650789889
642132944245559296
399285646172229633
657221810325336064
758854732622417921
606545361964916736
720437215751495680
738822672444887042
618887977540931584
715217729666461696
755420257125212161
689535352327962624
634426115436740608
418537970854273024
756916821962420224
752157935552176128
714561295362629633
688922859327098880
758861701022220288
773616523990761472
654129724990603265
621029648298807296
615690081341472769
641647942785437696
539611785540935680
709173429707087873
755967178285907968
763794244964347904
694572597191639041
756520404626214912
702331763746435073
756903275841069057
757759935136600064
637685161639964673
691830530682281990
712093345049403392
626762233184452608
635843338688663553
664265399270301696
746020796007591938
718176631278272512
729327848675102720
648099640714391552
593067097573449730
758865064484974593
726846774250471425
765255239356260353
706302231507820544
734083422419714048
673253638865743872
647580110653009922
769253817128849408
730221152145182720
722459536540483587
644326536338915328
765606382271918080
725171200100433920
714829564078198786
696166430245527553
640183258240585728
692892144894279681
706657844217647104
652591497221640194
734508643886850053
714093306163146752
718067088632492033
617334393833693184
671862331526262785
693579178189426693
639635176742481921
691802150645690371
654102594185490432
725854829172514816
671677410438418432
738162503532699648
755148197522051072
736332107912491008
345581573556535297
766679583890497536
751245220222689280
609761398831321089
774023910018777092
753271643179540481
685353527774822400
594151343364902912
753617215568613377
750767819554381824
741367066385584128
676952701779996673
756323589570322432
627148362630963200
705582286373265409
609762565586092032
740349871073398785
748323908072448000
715217620325150720
532301376907644929
649193820244996096
653258596478676993
749320471758442496
649239685768810496
657207733159088128
659704467344875520
383202017478717440
368476115687337984
595623583604314112
774330575230472192
747176012610404352
703039260367126529
752895261807116288
747432540672266240
750779275217932288
671510813987991553
758099837795663872
695804396689584130
696406595442515969
713138723701952513
388775900097290240
725133409308299264
696716488628117504
648967322120658945
731123523813552134
605210136970457089
708831725678419972
682788671259553792
393887319088189440
752889790169841665
690692897360969728
601386988965634048
727177659185303552
768626213015478277
687843474717171713
616260683496353792
722601824818216960
708526634459078656
605049566707216385
682562460184870912
664277797263777792
748545076553347073
631926794749407232
725743003055185921
646458881519054849
667832879867518981
750733773277425665
759487366277001216
595722300781101056
728571410763939840
706302922255106048
703419188270997505
667085410884067328
643518832120856576
758859571699912706
773945829577162757
641611014140751872
702854731723644928
651368063376297985
594134046063632386
672556401856655360
587340299283869696
615150426032353280
703756656346161152
738006865100087297
656234361038045184
745421602565820416
687820684815396864
752890756369620992
713812313329967104
681838115099701248
655404042118631424
634797565922295808
732699446790762496
609754065413767170
692191626844901376
651105559354167296
654148384295522304
720805485977460736
758854178240274433
694195375670976512
648181714057998336
735888289656385537
771037992811163648
645424136689426432
743842950912737281
704856851721146369
600648926300086273
671426754414641152
735936775181479937
694379667730649088
720804496964718592
633825569084313600
616237690862858240
600765327450988544
724776675205079040
698701348213288960
762623255005966336
706987751376347137
697245869427552256
656882880044371968
758495565546151936
602498680801894400
707752809320620033
696129268116402177
606445033475022848
643475466490388480
775330910635958274
728945320823033857
756321959391162368
713471378704449543
654131224185802752
601449321318354944
757751502018609153
763785696041730049
706844477336326144
644319231350321153
709485911629701120
633658646195474433
771398407877517312
696458117765201920
694737486157869056
750412719363387392
741425791825776640
658267044006117377
627145732710133760
651462669657112577
720054102772883457
684902518179147777
747204292742897664
667492299182575616
605511344213905408
620599478127472641
664271027812208640
708327065351643136
593196970858119168
674665491252838401
759209887209549824
692900414258286592
681281190783926272
742756232411418624
433956902297276417
707265206347403264
485152297170001921
620599702912761856
644933081854513152
601400462911381505
691827765637726210
765675613034250240
758126571697963009
703592536221220864
703033493253705728
442340371188568064
720764824095977473
623508299850346496
751199631728607232
678402150771384320
633658946658693120
753237572273500160
620598308520591360
750471661992849408
657205946192691201
709184530234658816
765643496023728128
765522203563536384
688812839381778434
759116867730571265
746476634182660101
770680497697648640
758511969850777600
647937206028472320
740355614661070848
653755711252484096
608059366613381122
697034785269661696
735535658677194752
626090100909285376
618054180167675904
712758090614046720
592881927725658112
765726870080020481
649706544704167936
675791429772451840
697990828145434624
619518095867125761
714611694954106880
768216514713513984
695430320485629952
748194333535395841
667007489460862977
737409940571181056
773673141323399168
695001261087842305
665728825053962240
736594003118817280
739859132380008448
639624276279103488
661625975789219841
703952755547766785
693465714955399168
774255625673072640
735990443863871488
676956145723027458
733757045808234500
777613325299355648
758866254333489152
755591516995805184
609754131671187457
644313287790854144
754313788938072064
770432675672887296
714251417079263232
698520592912424960
704060072230412288
743459396982812672
662361538133688320
594204622237097984
707977945743278080
715237624290488320
695095748413755392
609753894709760001
768178673316990976
722956082306408448
758862140694331393
614485292016369664
740973710593654784
686660084366204928
732264005239181312
657721930921803776
707402019309559808
773130397232275458
648943368840605696
715703842411716609
767923716038750208
691825501892165632
761643508054712320
667703375035789312
640555620584656896
714799928875294721
697160858099650561
678336563789602816
668197825537138688
757744658466349056
742409362593964032
759106829670506497
604340892246220800
732044880009121792
627126896204083200
738114877026226178
701942619228737537
739204141055102976
685904845602172928
773648127366688768
688387735699243008
726573970594619395
770834003985301504
752272179627233281
739155994035523588
747081249118949376
765609303017451520
388649942492774400
620598975880630272
690718044390322176
624314796897210369
519919196986425344
766353681885212672
681995505170120704
713172429569449984
757774363458433024
686631510783471616
765247533727834112
717755641784352768
758110302068178944
746705594887737344
715218150162173952
712479727693537280
620600042001281024
674004008684523520
642447205081681920
609731572955250688
688772707270393857
720801463153336322
694643994844909569
603905631309983746
685191037652996097
694388278548656128
742760897853198336
757760436842459137
622510215548792832
656532258300411904
673176975704350721
665744754294943744
637019577864585216
733359512099422212
697599052188426240
660851898073878528
741076353378844672
763103518773436416
760531542317764608
744714049779171328
677615282869968900
717728159672578048
705596132622278657
413392482039103488
752333772322959360
640891174295896064
721335026772783104
670045251365675009
758859084166668289
656661696082153473
654108036542369792
659545772803801088
515946897396469761
758858155317014528
483755538589556736
688032377688424448
671044173802414080
659539952825270273
707397078331293699
772836300722434048
691430599618330624
687092897997524992
755545375361134597
614439551491264512
616051441900367874
671747386796994560
712325505391960064
672595033195941888
751852380120027136
678424680383008768
706116330097909761
518449653638234115
675065415257743361
726035099125346305
774776399899070464
681955099489497089
744163071074140161
688932156572327936
637324973359546368
620603824441458688
684185333232082944
715162984721592320
703731925433896960
664791272226361345
606133890592436224
355801960554840065
710847044278214656
739848057559351296
665734527147360256
676979493291089920
702672371711242240
750668519243669504
712800282988548096
763460795644641280
706890925277093889
575735894386216960
646015887221374976
660458407175004160
630909980569415680
663077013800939520
511489834440228864
687850871384850434
718146377151225857
710534620148736001
691817131424497664
755179347812548608
758864218439286784
753416049949675520
660087712620404741
719208369404268544
634869196220932096
735621352560943105
593419590601994240
714170603301969921
607550696716562432
728310772208697344
632583807695089664
616758544948436992
622150883623763968
688109252368400384
694207462094798849
654029848462106625
742905381744218114
699453832577814529
754330779535024129
761322212716609536
701168517345841153
758472682853830656
667372161166925824
643474605097750530
658127276513603584
756331289037402112
758865582603198465
644334738220679168
650658585031131136
755581715918229504
758131287085506560
705447546370527233
758476529462546432
713908966858878976
742409706359119872
752899016996814848
767827749063057409
690004205910695936
755088649759428608
712289758521782273
703064254535049217
716037846575001600
712717499016617985
657015750499110912
620254832444616704
753968719626326016
614088367563743232
755955611788054528
697984288374050816
771833178092933120
448259775302610944
755959963433000960
774790797707321345
730910853604605952
715304478434598913
741098335013113856
697991481047543808
748911159835758594
605405996643708928
659052809074180096
750389340635664384
758864487717810176
772182265375952897
695000118655844352
654772215754330116
625320061570519040
734398804158468096
736298618152312833
753796129263788032
626893995067731969
697243406175703040
642143296496648193
740371436439777280
721092216848908288
623619267280420864
754431177335779329
698965742385926144
750415877456232448
764286957547577344
738454595492577280
633811315325292544
745452309698613248
657206091453976576
731925398364151808
742734905306681344
758472237326434305
733075267183378432
666702960357982208
691072666787299328
743547818011394048
697260464301064193
706324523541336064
647528702721572865
664266240328880129
758865484209008640
750532509096706048
702575151053987840
654126832669851648
758500575650676736
692507133825409025
681143120680062976
697421638716018688
733027845136646148
664604442357026817
615910959450849280
598954460115816448
746724745996021760
671817771722907648
768893816053071872
691057718136803328
648889162440015872
730536172456271872
750795094849093632
748563357771370496
733351592477532160
747479209371701248
344132945122054144
757731510002778112
665732582282137600
705589034182115328
751081918712676352
672114720820895744
688917116314120192
735531382148059137
701610619796111361
581644312275992576
719917982709784578
659542827295236100
646488271871213568
758067698253303810
705176341877014528
758867285167644672
757404605496061952
639868074619879424
771775910278291456
609752381044183042
689577979626819586
712092743032504320
751539842564100096
659523384603209728
646710261659881474
665730059878055936
768959490930581506
725124938483556352
759516788073885701
728022596042694656
701853013162467331
684423913863000065
757769136269320193
767183928344059904
686206188778852352
739487489635667968
430921320193601536
698715383176400896
732679134606962689
697976074358145025
722238214585487360
738536082220843008
693133936914997249
709975358716641280
721077044486889473
761583989077532674
691355670289977344
709197723032035328
622533752791670784
757701533857349632
629488543090540545
672493797805326336
740370424270360576
604722107579277312
761296210418397184
711304448308449280
633641444734029825
614523028978929664
651828195864518656
758848449424920577
705907332446818305
674722739387695105
758125611869167616
714996377743454208
587375461250027520
697058841528111105
764072221933318144
702656200614277120
755950742310154241
723287308171005952
646121130617470976
727912818343825408
587351550328188928
688909611005571072
633054790310866946
765163960504950784
756644427293007872
382132379155845121
456903198834700288
650054410387746816
720807300533993472
756609196704038913
705160472727830528
667144203600846848
691826795658747906
724648111403077632
708403247795539968
725061441712099329
703261606701109248
623604325151961088
720450813538279424
758078343845515264
723697565712048128
656473549184479233
713888635783946240
699789058407579648
707977692818382848
645361309089857536
709525671257755652
692521023653187588
774024262352941057
752691462223966208
749419180097695744
741110418807115776
619939427113156610
608053335430676480
709909486924865536
639958599997894657
623675956222410752
639268919669211136
605495610158903297
714561418759114753
749723223089090560
656625716553879552
732616576546004992
674057421225123841
639931130184093696
707205272830402562
721139139303841792
631612194594160640
606555650793955329
661333253115236352
763565546512248832
716287389472305152
632620078358491136
696115051812487168
743875582333751296
706672130906312705
632633263505469440
691825152888274946
613741205977894912
770762224289841152
562456798020386816
606555831211933697
745361708189782016
757762738433191936
708131406212419584
629478332321660929
657234678085230593
725121898858827777
728960604787052544
620703132822147072
769174024396103680
657674963999195136
727280763381522432
717449001554075648
593418068224778240
716001006044184577
758058242790555648
738147047786717184
654127977660350465
588513047653801984
750426161126240257
433622123865600002
757211968541450240
676953837530390533
674427536890195968
701173100596092928
658038688740462593
714563584110538757
772799454806155264
759864504276713473
668082922000400384
765340564569161728
758500126730162176
705586323571261440
694575943931797505
622191415020400640
656967401121124352
619265009651163136
651965024798294016
658011844536221696
767468704317661184
710243438835441664
758121015490715648
606249117191434242
740369557173481472
714644397497925634
712492342297686016
637031200952090624
685304604989480961
623145897833140227
701925905879293952
644314234906673152
720707236159299584
720811261215289344
725132892318371842
700774221883039746
697264255897174016
742071728118059009
685190775399931904
643570965247492096
657256050157031424
670736295308763140
723980168725979136
710599703600082948
739983730002022400
722117073065750529
756263886379155456
580132218166726656
696418760278683648
737810565356093440
740982988960346112
461119435244572672
721480261737680897
731482592059527168
741694471000072192
658127568353271808
365871110866206720
593838843889065984
697999576528064512
588078803664113665
706666710158458880
602832544569151488
760507891166085120
657004083384078336
676966282332348416
697242540630790144
718844772794937344
707395380233818112
689650769147097088
768823064033308673
775456345474695168
615995758676807680
758856475011715072
616628298135785473
656933279635865600
728007966629060608
685931117539635201
631590504128512001
656078402101731328
664263275559931904
447592667845627904
447435839551713280
694383123702882304
743080427569741824
755930994109059072
659537970962309120
755240874771116032
683764746269556736
767046604041912320
620597831712264192
660489179000778752
755161979866652672
349970816122892289
676891068512796673
690678915543777280
750697086744719364
662057393749106689
697887066059714560
762747771246051328
593538792990081024
665715417831206913
755403653498884096
695689074921885696
695732022535462912
683426400452370433
691830057459912705
462986339378814977
735543623136186368
653733796408377344
748236552346697728
739196157482696713
708672794310156288
722172815894556672
629473097914060800
681884666941444096
601159881731743744
668163818053197824
606591647271387136
715219851002798080
617433633964601344
676948556213809152
686746769263214592
618575992848809984
735532221956788225
747177700251545600
696151083643703296
664498081522692096
682199321366904833
345175686820012034
625457706208333824
753620486257569792
771156031401521153
595692301135060993
715252393248620544
770445170089287680
609817442282545154
703045496638717952
713007268615360512
472169933200048128
658313475270266881
703964972812906502
757766052428312576
615873431637094401
750379080147537920
764219041020055552
648581200458612736
680777115051003904
712279889353768961
757761430477279232
692504890652913664
410969065935867904
701183946428702726
633067746524299264
654099821935116288
708710158222954497
755223154168066050
383359574155485185
596371541975236608
695665019820888064
709391565186330624
738453762575110144
688554372964454400
750425270730027008
728208398261620736
769901439841865728
702626568825413632
666400965659074562
691274811637633024
642108681966985216
525994975788797952
707774762035052545
696412008971763712
767864768166240256
672149874046083072
708051539752067073
757783077217193985
729009138102112256
693544385980583936
735637379206152192
712482554297847808
707763767032020993
763090844169764866
717368808311160833
730955416750948352
767104881253548034
700317069523427328
771101401468563456
662446022313013248
756911776478990336
689182189314043909
776828281488281600
679015185575645184
768536760662056960
758682601213325312
757767949327400964
674437497749970944
725376672833388544
654125779446562816
644710016633712640
768508732623970304
685313369251950592
574319994495987712
758070337703510018
695233669909204993
559059170213646336
765744781129547777
769008821515739136
653708850126848001
684203133434748928
768886152329830400
588079080345571328
756325432002244609
609484806158684162
720810853109338113
590651459248779264
657647840404111360
763873378897985536
758852840580276225
605747388087738368
665713298436784130
655489268563996674
724674303661232129
664624908920582144
664070444425826304
676116471089643520
626395727246327808
767904999590522880
723892209729323008
713399612040548353
621418985716908033
674075418681548800
626102485015359488
776195158245306368
678419819377594369
729436473842229248
652247844217311232
763742392503730176
726789073491349504
691019074600603648
630809548459220992
758860737838059531
696877876260532225
662310876863717377
755534632897175552
656861386023170048
704506791162474498
434444776289873920
716023419834392577
762668316842401794
692086539069865986
652955198856499200
701537245359046657
717127822700122117
638725068911194112
601107768255328259
695454990069035008
699454271293648896
768893360702648321
654266399162937344
595761032095735809
713737057135370240
701222343658467328
776828640554323968
700093957619978240
655107943638134785
758857467597959171
738425229584666624
652838725139976193
700145508657074177
653906095006720000
628050484977217536
697506062161879040
756315520484384769
704842828631900161
693231018858430465
745765814557638656
740710365735100420
695801168824508416
738788590306500608
730037109134901248
597525318908432386
723617111466070018
654135901870657537
724269891063156736
586006768834215936
750723543118147585
741315271655317504
758822837612228608
699451619080073216
658615834554732545
666685670493192194
619143687436636161
742917897400557573
676459536782200832
566663754268831744
657579551527170048
727903361983356928
623292174894002176
593421486049853441
644532949338099712
718877165249544193
749701475350286341
768569354959065088
750426641344724992
638151316099854336
644336327538946048
354951219988537347
758856228160217090
762415706453356545
667154517465636864
755141681570312192
624367511480500225
655189997901869056
776883038651162624
695081216496779264
760663995275677696
675722760929288194
607668211861962752
718530050723852288
629469495560699908
676886771913895940
718119617160417280
740396544403378176
671315083645988864
491307658305994752
757697604310433792
625095887153405952
674351409081556992
650389396785623041
648603651611623424
677153390145634304
695436667398725632
622789315647684608
740372974939852800
676056133723922433
602887736849207296
684791245235994625
760912806036303872
610555515660316672
757766649474912257
692138918347603968
603279321688571905
742758405845176320
772504589102899201
631538115514007553
591340802384777218
766708716263526400
641439786381770753
599288792063836160
756992252468195328
699454634872717312
741068137773305860
643131308588290048
750807357009997824
628694709293187072
636199183666544641
612969114093625344
611951096752435200
655080503599591424
606554510345895936
758463152698851328
699450470776102912
727575277161857024
659188490060566529
596812056474603520
773484097159192576
738448464007311365
763460083313434625
671525848139341824
679042379047788544
742758741305614336
662070477737893888
719314174178766849
638684054838075392
733482175643799553
746153085488214016
611392413945434112
709930016621002754
754379364301701120
664231576390098944
700153963866386432
640940474619035650
758857350899916800
771126030631403520
745054252171726848
401052413504663552
618987543674142720
706661996431855620
746341305043783680
729703306021326848
585235055078940673
745688969023791104
719555285518430208
735971900275499008
641356933744562176
631190192402116608
627568472629870592
611955514365374464
755503761473302528
758871502590574594
717453556886978561
665712598436855808
577559904774459392
625468674133131264
727878891646423044
623507548721807361
713043349855338496
663542539321008129
415513805762727937
609767051645816832
705603574575706112
739988606970920960
703040311820308480
616728758955978752
718862686893658112
719887714301059072
698701892868825088
452130729691201536
740181574277287936
705029404641009664
671800021919121408
627106077423861760
742688472960471041
768539813913985024
765186092597477377
760294537101058049
643914102767788032
689502322955661313
702493065420914689
727482940914057217
737827672248717313
743959844315602945
688510568412532736
717525749163565057
725159230903218176
627099559064403968
738492027961282560
695805210753703936
771457054133321728
665292308032520192
743637734904958978
615894313575145472
715213817647489025
694377850334527488
709192967974686720
773890674521440256
610094152802541568
758501102304264192
676162511050285056
627144551665401856
695364002570874885
652454986463363072
658125627707564032
587392029862277121
609756014280359937
703362369561341952
647120850701942784
620396062507794436
753276435968757760
703568188882214912
692914432213655553
757277302074052608
