344132945122054144
345175686820012034
345581573556535297
345624650186891264
349633984256417794
349676416088014848
349970816122892289
354951219988537347
355801960554840065
357336749472612352
358006740077391872
358363269603409920
359659535008415745
365871110866206720
368075557881524224
368476115687337984
369605784981995520
374645764867125248
378503612399644673
380388878823071744
382132379155845121
383202017478717440
383359574155485185
384861493143306240
386101512742912000
388649942492774400
388775900097290240
393887319088189440
396334924778975232
399285646172229633
400134441022267392
400320098059444224
400831807786348545
401052413504663552
401538806668460032
401541001417728000
405060412585959424
408772884283555841
410767329698381825
410884668607959040
410969065935867904
413004018429198336
413392482039103488
415513805762727937
418117050003779584
418537970854273024
423988521502658560
425477910871281664
430154695860953088
430921320193601536
433622123865600002
433956902297276417
434444776289873920
438511699134795776
439077420495544321
442340371188568064
442426026371870720
447233637054820352
447435839551713280
447592667845627904
448259775302610944
451047120267919360
451501362464190464
452130729691201536
453688842621431808
454801510065786880
456903198834700288
461119435244572672
462986339378814977
465601750431322113
467479562172248064
470220916375707648
470325803482619904
471986886601605121
472169933200048128
473509138928922624
480822509822959616
481052866610593794
482269553766854657
482377124431421441
483755538589556736
484295213209620480
485152297170001921
490136058818883584
491307658305994752
491311768648417282
491364575392964608
491989336250798080
493081150202847233
497095699197333504
501735800279941120
507526916447150080
511489834440228864
514556684325650432
514917530478317568
515946897396469761
518142267291631616
518449653638234115
519919196986425344
520643622409367552
521446005544615936
525994975788797952
532301376907644929
535528506877575169
535560212938518528
535605199705239552
536279302619553794
538030705826361344
539611785540935680
541298556574109696
556163273738166272
557331318527508480
557739125886169088
558067419311534080
558803493809836033
559059170213646336
562456798020386816
566411457298841600
566663754268831744
566692386282418176
570749660341657600
573340998287413248
574319994495987712
574621709543870466
575047986356551680
575735894386216960
577559904774459392
577560394987921408
577983890889039872
577984032857829377
577984196460855297
577984339243331584
580132218166726656
581238635594403840
581267449523343360
581537849054519296
581644312275992576
583291187559284736
585235055078940673
586006768834215936
587336319321407488
587340299283869696
587351550328188928
587353897779515392
587368273160839169
587375461250027520
587392029862277121
587419742505426944
587984469828730882
588050586563665921
588064642481659905
588073861029167104
588078737884872707
588078770868908032
588078803664113665
588078953870585856
588079080345571328
588116660520902656
588348199947075584
588413902939103233
588465006355746816
588501196954042368
588513047653801984
588767422343213056
588785016072757248
588823804559888384
588847953114222592
589134649307303937
589462318242725888
589913706643005440
590274793968181248
590584261150957569
590651459248779264
591010244580474882
591287047169695744
591332646883446784
591340802384777218
591412642193022976
591590246749462528
591644894768324609
591663972073480194
591688218938073089
591991199424208896
592026106590531585
592357398196649985
592411143672569856
592732033002115072
592756745623187456
592785872409522177
592881927725658112
593047280036511745
593067097573449730
593102754660425729
593134420556705792
593196970858119168
593405296766230528
593418004706234368
593418068224778240
593419590601994240
593420598291890176
593421486049853441
593422060199677955
593449489207304192
593512338801594368
593538792990081024
593563702001020928
593838843889065984
593966357038952449
594134046063632386
594151343364902912
594204622237097984
594270535367929857
594505097629011968
594885836073771008
595382782983016451
595623583604314112
595692301135060993
595721980055257090
595722068588630016
595722300781101056
595722469350191104
595722568713273345
595722663877844992
595729940227727361
595761032095735809
595769369101213697
595989817462267904
596330497711722496
596371541975236608
596394202675675136
596432831515078656
596736281742340097
596775929420107776
596812056474603520
597047070873264128
597144313500454912
597426542340374528
597525318908432386
597560997679910913
597577705023008769
597793561225076736
597843824166187008
597864201118449664
598117964211171329
598148942602309632
598543544652009472
598557558165614592
598584624449724417
598602876613730304
598633036910108672
598883713892638720
598926276083261440
598954460115816448
599030004215713792
599253962055938049
599288792063836160
599641837570301952
599667391711281152
600000186597900289
600092467086622721
600410569129205760
600445996200501248
600462901669945344
600648926300086273
600741964389179392
600765327450988544
600810141743714304
600993824836562944
601068100914667522
601107768255328259
601159881731743744
601180389886005248
601203601822846976
601360736594571264
601386988965634048
601400462911381505
601449321318354944
601462550845239296
601482030229094403
601493825207595011
601546403857436672
601741251621351424
601756837436874752
601785559829319680
601839674156388352
601857582018486272
601873756936675328
601885531551629312
602124010713931778
602144471468376064
602182278652030978
602186636022145024
602213877934399489
602498680801894400
602533737872646144
602656356953399296
602832544569151488
602887736849207296
602976265759498240
603181479057842177
603208255310065664
603261317139529729
603279321688571905
603363827741270016
603537496257994752
603585683727491072
603668484627771392
603696142044557312
603905631309983746
604010940808445952
604098438804934657
604267631072415745
604340892246220800
604429379490344960
604703680919662592
604722107579277312
604845567911542784
605049566707216385
605096449622294528
605210136970457089
605343938686414848
605376152409153536
605405996643708928
605408272322043904
605495610158903297
605511344213905408
605538957619642368
605716931522490368
605747388087738368
605811190220988416
605844812965617664
605881333068406785
606133890592436224
606203314196348928
606249117191434242
606282931225673728
606445033475022848
606494093489881088
606542381836435456
606544043695206400
606545361964916736
606547770904690689
606554510345895936
606555650793955329
606555831211933697
606557507666862082
606557717965062144
606557931107000320
606558991582261248
606559122469744641
606559157664104448
606559825032396800
606560675108782080
606591647271387136
606606406205210624
606815380980563968
606883801759924224
606946374995709953
606988302005202944
606997297742905344
607264619342798848
607294031320776704
607306665017376769
607337234300313601
607550696716562432
607668211861962752
607719349827334144
607895013075255298
607953291872313344
608053335430676480
608059366613381122
608249918076157952
608306891844931584
608337920701956096
608383554045804544
608607941999128577
608638357921480704
608663843829641216
608690606731325440
608736363362533378
608791770759954432
608968888370515968
609071479066664960
609088778649636864
609138690376527872
609336600930189312
609367839967969280
609401744498536448
609484806158684162
609520910945636352
609701946732187648
609705258105872385
609705640257290240
609714362761261056
609731572955250688
609743256306458624
609743717738631168
609749699155873792
609750351370174466
609750953009508352
609752147459219456
609752381044183042
609753610696695808
609753894709760001
609754065413767170
609754131671187457
609754189154123776
609754308574380033
609754703971356673
609756014280359937
609756079673769985
609756444603326464
609756577986424832
609756866185441280
609756905838395392
609757287142531072
609757428532576256
609757637580845056
609757700092751874
609757959619510272
609758306031284225
609758330685366272
609759480717410304
609760094146981888
609760299546222592
609761354975682560
609761398831321089
609761702494736384
609762565586092032
609763010576543744
609767051645816832
609785799551397888
609790004638973952
609799334436192257
609817442282545154
610094152802541568
610130953600692226
610133968822923265
610237310513319936
610538884825546752
610555515660316672
610600022741254144
610875265129029632
611159037724499968
611392413945434112
611683906673332225
611875116981616640
611916516901191681
611951096752435200
611955514365374464
611970773260062720
612002144686874627
612020140662747136
612263619766681601
612297591024406528
612301937057361923
612341152570834944
612408244527628288
612622468285616128
612642995188465664
612714173676417024
612745164445106176
612969114093625344
613103906281750528
613486578510491652
613506003531862016
613690963551256577
613741205977894912
613775345540562945
614079976892182528
614082297067909120
614088367563743232
614151643815350273
614254719482130432
614427390886969344
614434318023290884
614435138232037376
614439551491264512
614485292016369664
614523028978929664
614541904722665472
614563263733481472
614586901173899266
614595178247102464
614809916423995392
614840716913676288
614902279657943040
614915868796059648
615150426032353280
615264631930638336
615505011162918912
615690081341472769
615873431637094401
615887546417942529
615894313575145472
615910959450849280
615933212842434560
615959041454555136
615995758676807680
616027133119471616
616041096167227394
616051441900367874
616065111577358336
616074435443830786
616237690862858240
616260460980105217
616260683496353792
616260969426231296
616368524525707264
616390395388383232
616592189309747200
616628298135785473
616667741928464384
616728758955978752
616758544948436992
616803123009593345
617010930363277312
617042432925016064
617075895875014656
617159632545517568
617334393833693184
617433633964601344
617488990883737600
617696336025096192
617739967486369796
617781360460189697
617815330253967360
617833886228344832
617842154556260353
617855151865507841
617858226957209600
618054180167675904
618083146408558592
618122155109302272
618161170214686720
618193217624895488
618405555154120704
618458494660943872
618486218716762114
618575992848809984
618834508683411456
618887977540931584
618987543674142720
619143687436636161
619233079878680582
619265009651163136
619518095867125761
619540950575120384
619594866276847616
619632188988919808
619892625206865920
619939427113156610
619971209351036929
620254832444616704
620396062507794436
620595741753372672
620595947987316737
620596619696717824
620597831712264192
620598308520591360
620598975880630272
620599478127472641
620599577700270080
620599702912761856
620599840758599680
620600042001281024
620600135987281924
620601428369764355
620601651833909248
620603014777278465
620603824441458688
620605642974167040
620605913250934784
620606250166792193
620686153402822656
620703132822147072
620716536110583809
621029648298807296
621101147219206144
621153656054923264
621418985716908033
621451099531255808
621477792371355649
621479419408949248
621480415145160704
621481037999271936
621831961544392704
621866432104636416
622042829146210304
622087648744730624
622103114104086528
622150883623763968
622191415020400640
622222019485167616
622421149817901056
622510215548792832
622533752791670784
622776887476158464
622789315647684608
622806246622691328
622947003790721024
623145897833140227
623242000498884609
623292174894002176
623506332071632896
623507548721807361
623508299850346496
623604325151961088
623619267280420864
623675956222410752
623890463758643200
623940328375107584
624006795690967041
624290907634958336
624314796897210369
624367511480500225
624649679788228608
624685423382564864
625008778476433408
625056839210770432
625095887153405952
625132744675356672
625135499850686464
625319923657670657
625320061570519040
625335375968501761
625445240577622016
625457706208333824
625468674133131264
625669205032091648
625698069879910400
625788571320995840
625813160449191936
626090100909285376
626102485015359488
626193952333537281
626211023037435905
626395727246327808
626427623636357122
626499063886671874
626544812662067200
626762233184452608
626776257041158144
626809957900505088
626893995067731969
626910522009604096
627099559064403968
627106077423861760
627119459078119424
627126896204083200
627140577696555008
627141752466599936
627142560448933888
627144551665401856
627145732710133760
627147672898699264
627147969813442560
627148362630963200
627237070268964864
627265581230759936
627507375377903618
627538761904205824
627568472629870592
627590783533744128
627626168984809472
627882359791030272
627942909367709696
628050484977217536
628271116142800896
628292409701597184
628313510741733376
628326067078606850
628570813277433856
628600562926374913
628676133572100097
628694709293187072
628724710684127233
628928803239272448
628958513373519872
629047133988089856
629391960575348736
629461943934414848
629463259217817601
629469495560699908
629473097914060800
629474958918479872
629478332321660929
629480066532155392
629481461486370816
629488543090540545
629492381361029120
629497403486404608
629769753683476480
629807612146647040
629831213600108544
630126260849672192
630410695935426561
630545198930595841
630728591450312705
630809548459220992
630854596206923776
630889514618195968
630909980569415680
630920321990795264
631119035170717696
631180761748643840
631190192402116608
631215356724559872
631249101913354240
631538115514007553
631554545701756928
631590504128512001
631612194594160640
631646842003017728
631926794749407232
631996406501392384
632160521572233216
632207814564446208
632264664605401088
632285605326532608
632583807695089664
632612291561824257
632620078358491136
632633263505469440
632659743060938753
632683758781661184
632978518322888704
633049608185344000
633054790310866946
633067746524299264
633099257432657920
633393013532725248
633641444734029825
633658646195474433
633658946658693120
633714674895196160
633811315325292544
633825569084313600
634075501615808512
634126361368653824
634426115436740608
634555188297265153
634727755993776128
634797565922295808
634869196220932096
635100405890834432
635224103251787776
635621500347744256
635623562968190976
635625693116825600
635628010742415360
635843338688663553
636146978297016320
636199183666544641
636562456618381312
636639978999549952
636690910206644226
636695627708108800
636701029812277248
636706227658051584
636713003044466688
636871928280653824
637019577864585216
637020371703734273
637023603201081344
637026769711853568
637031200952090624
637080882516389888
637138362093174784
637234296965701632
637304819124977664
637311545572229121
637324973359546368
637383865028472833
637431555707826176
637626300354723840
637641605688786944
637685161639964673
637986112594558976
638039590591438849
638126970908377089
638151316099854336
638473017132216322
638502741837373440
638684054838075392
638725068911194112
638779950598868992
638853171083935745
639181904659525635
639249827155550208
639268919669211136
639502513142669312
639547851127812096
639614504343572480
639624276279103488
639635176742481921
639868074619879424
639931130184093696
639958599997894657
640183258240585728
640205432112418817
640262501226127360
640301344264482817
640541752764579840
640555620584656896
640657060967907328
640891174295896064
640940474619035650
641325074960748545
641356933744562176
641398505173557249
641437691066781697
641439786381770753
641606090120146944
641608126261796865
641609783745880064
641611014140751872
641647942785437696
642050680526635008
642090794933972992
642108681966985216
642132944245559296
642143296496648193
642447205081681920
642469828918411264
642717929696559106
642751136567574528
642821976978014208
643079491875676160
643131308588290048
643143094192484353
643174279241179136
643230044538699776
643231611891392512
643237205406842880
643243291715194880
643473792170369024
643474605097750530
643475466490388480
643518832120856576
643570965247492096
643757770861228032
643914102767788032
644167278196600832
644309743742414848
644311512836931584
644313287790854144
644314234906673152
644316286898540544
644318587080060928
644319231350321153
644324514373963776
644326536338915328
644334738220679168
644336327538946048
644340058607198208
644340958566445056
644348404043268096
644352520366768129
644532949338099712
644617650719576065
644710016633712640
644933081854513152
644940119540150272
645044174383882240
645058842708066304
645260649468071938
645270736467308544
645317053172326400
645361309089857536
645424136689426432
645604642055827457
645640717478432768
645744462661087232
645794949967904768
645974772275408896
645989733055758336
646015887221374976
646031260364705792
646089892196323328
646102208765894657
646121130617470976
646387978810560512
646414350362779648
646448431158984704
646454072732614657
646458881519054849
646488271871213568
646505389383618560
646710261659881474
646742121433726976
646867663788990464
647074600371752960
647095446905688064
647102715617771520
647120850701942784
647199129630830592
647380851349524480
647438781411274752
647468827375194112
647484922760953856
647528702721572865
647548493448499200
647580110653009922
647802566584201216
647837964832260096
647870203246866432
647889431991599104
647937206028472320
648099640714391552
648144035740282880
648153337280471040
648181714057998336
648210745704976385
648265876525875200
648308931371122688
648473836719964160
648548117353209856
648581200458612736
648603651611623424
648657431799668736
648661300646674432
648830263317794816
648889162440015872
648943368840605696
648947770615836672
648967322120658945
648989588338384896
649193820244996096
649239685768810496
649382296366264321
649573475645005827
649706544704167936
649778426841317376
649960501909278720
650054410387746816
650054874068058112
650055634298236928
650388619925041153
650389396785623041
650389907429527552
650390705437863936
650391843235065857
650416782621155328
650520412477083648
650658585031131136
650733950806196225
650784369012031488
650815385764241408
651069652865581056
651069880746307584
651070235349487620
651094785982394368
651105559354167296
651202369326198787
651368063376297985
651462669657112577
651500938943967232
651569964382597120
651730456711294976
651784323130093568
651828195864518656
651911204328341504
651947444742127616
651965024798294016
652247844217311232
652286195032915968
652302972714508288
652454986463363072
652579924478291968
652591497221640194
652616099482181632
652626732655050752
652641274550452224
652838725139976193
652918902142431232
652939703273017344
652955198856499200
653010917429411840
653206170467987456
653237461024382976
653258596478676993
653283679389773824
653342714851893248
653380271954223104
653592446140555264
653608762620686336
653630349738512384
653653786364350465
653677442347986944
653708850126848001
653733796408377344
653755711252484096
653906095006720000
653974078198521857
654029848462106625
654093999972724736
654099821935116288
654099993930936326
654102594185490432
654103102598062080
654103747702980608
654106145158787072
654108036542369792
654111672446132224
654112940929511424
654113179711242240
654113430111133696
654113744436502528
654115156444753920
654117057349459968
654117344978059265
654119591535321088
654122869492944897
654123422474240000
654125001344450560
654125318656139265
654125779446562816
654126218548264960
654126832669851648
654127367984709632
654127977660350465
654128669292666880
654129724990603265
654130163425366017
654130570314797056
654131224185802752
654135901870657537
654148384295522304
654266399162937344
654366668190273536
654425087790219264
654458002326491136
654772215754330116
654805621091401728
654990700539285505
655080503599591424
655107943638134785
655129548506333184
655138965666799616
655189997901869056
655404042118631424
655489268563996674
655518952551006208
655841493156925440
656078402101731328
656143592239464448
656199705169268736
656234361038045184
656473549184479233
656532258300411904
656557196361072640
656625716553879552
656648875734794240
656661696082153473
656810009943105536
656861386023170048
656882880044371968
656933279635865600
656967401121124352
657004083384078336
657015750499110912
657201882558017536
657205747906912256
657205946192691201
657206091453976576
657207733159088128
657221810325336064
657234678085230593
657248062763638784
657250282158608385
657256050157031424
657271533916688385
657314068672487426
657343789279911936
657350080555520001
657361067430014976
657559433237635072
657566104404033536
657579551527170048
657608823675461632
657609443820064769
657647840404111360
657668568612478976
657674963999195136
657689074740940800
657700672436088832
657721930921803776
657746919226216449
657935337021247488
658011844536221696
658015074842517504
658038688740462593
658043213937291265
658051536220782592
658120557838401536
658121205266915328
658121607446142978
658122179599560704
658123789000159233
658124170111397888
658124707754090501
658125263549673472
658125627707564032
658125900286926848
658126133192474624
658127276513603584
658127568353271808
658267044006117377
658313475270266881
658334624616194048
658353854589763584
658391875401814016
658615834554732545
658741619345199104
658792683620708352
658980324089663488
659052809074180096
659090821841580032
659108232397500416
659136244471975936
659154141655252992
659188490060566529
659344238132355072
659397364101328896
659410707243335680
659422271736578049
659425500448890881
659455586111766528
659523384603209728
659526490829299712
659528688757841920
659530534226411520
659534078270509056
659535691811004416
659536340489490434
659536885795168256
659537231133192192
659537970962309120
659539494815813632
659539952825270273
659542827295236100
659545772803801088
659546907564482560
659547993033584640
659549570502942720
659553987105042432
659556301127725056
659704467344875520
659784766372388864
659827991665639424
659881016941760512
659900713091391488
660065123948560385
660087712620404741
660157452227334145
660179193381134336
660458407175004160
660489179000778752
660606571173408769
660627032649441281
660851898073878528
660963001680326656
661250093262204929
661333253115236352
661529645603426304
661571645446864896
661583295252185088
661625975789219841
661683845826134016
661721106273947650
661892332971782144
661921787257724928
662006802683441153
662057393749106689
662070477737893888
662253885722116096
662310876863717377
662361538133688320
662380800072003584
662446022313013248
662464223474266112
662473707412176896
662617937321304064
662649436254810112
662665910881296384
662715556370505728
662725510812688385
662746507431424000
662763230062751744
662814285056184320
662815233115721728
662815622733041664
662816508293152769
662818948409266178
662819894828756992
662821328022429696
662822427018162176
663077013800939520
663367444069675008
663479542325997568
663542539321008129
663703906787135488
663808039409971200
663880265366790144
663910819378298880
663916917011275776
664070444425826304
664111072631214080
664231576390098944
664262026357825536
664263275559931904
664264848021307394
664265399270301696
664266240328880129
664267714781978624
664268367449030656
664271027812208640
664272185192640513
664273425112825856
664274953454284800
664277797263777792
664279189332324352
664292382049832961
664292956208103425
664294905531883520
664297201280008192
664463343231471618
664498081522692096
664512527947005952
664604442357026817
664624908920582144
664791272226361345
664907205540519936
664966738556100608
664990187160805376
665292308032520192
665602034805121024
665712447748071424
665712598436855808
665713298436784130
665715417831206913
665718159500926978
665720279440625664
665721290360160256
665723054337605633
665723484195045376
665728522657239040
665728825053962240
665729117917020161
665730059878055936
665732582282137600
665732852626145280
665734527147360256
665735289181073412
665736168688906240
665738642820698114
665738933116862464
665744754294943744
665910363691479040
665959244219457536
666061905899839490
666242727735070720
666329631390216193
666400965659074562
666417479040782336
666685670493192194
666702960357982208
666762920555057152
667007489460862977
667085410884067328
667144203600846848
667154517465636864
667167492582830080
667371059885301761
667372161166925824
667372893475635200
667373216097288192
667373417927196672
667373664900407296
667386095601115136
667407077669625856
667492299182575616
667515624197783552
667690360362020864
667703375035789312
667743439480610816
667763674203955201
667832879867518981
667877864168009728
668082922000400384
668105880865492992
668163818053197824
668197825537138688
668241605720195072
668451519012958208
668541031202226180
668559052729917440
668597149291184128
668776735748587521
668834899189743617
668941018511908864
668974842906038273
669139347250290690
669251350216208384
669280465526906880
669500374395539457
669579132129386496
669604640837771265
669909882502520832
670045251365675009
670258833747410944
670370572019376128
670636112751304704
670651641788391424
670666355222409217
670715660771659776
670736295308763140
670990034124730368
671044173802414080
671315083645988864
671426754414641152
671491899048353792
671510813987991553
671525848139341824
671528530635833344
671677410438418432
671730841618391040
671747386796994560
671784078195236865
671800021919121408
671817771722907648
671862331526262785
671876968183291904
672114720820895744
672149874046083072
672493442707136512
672493797805326336
672494411553636357
672556401856655360
672582699454996480
672595033195941888
672605412693319681
672766708340363264
672794629977321472
672834208797212672
672863535882465280
672885087663296512
672904781413896197
673153847246893057
673176975704350721
673253638865743872
673269196172558336
673573623181914112
673626314595782656
673923643701927937
674004008684523520
674026743066300416
674043792375332864
674057421225123841
674060790492737536
674075418681548800
674264371095339008
674301875785768960
674330344741564416
674351409081556992
674367901739151361
674427536890195968
674437497749970944
674591526526275584
674665491252838401
674722739387695105
674799547072294912
675065415257743361
675085214918549506
675102549167497216
675152832799105024
675364190450810880
675382057388916736
675722760929288194
675790058734141441
675791429772451840
675802970953539584
676056133723922433
676087329992392704
676116471089643520
676162511050285056
676459536782200832
676558263190622208
676761254481018880
676886771913895940
676891068512796673
676894487268990976
676895306206871552
676920084061921280
676941931314827264
676943997097664512
676945185675354114
676947650214821893
676948556213809152
676952701779996673
676953837530390533
676956145723027458
676961255027040257
676966282332348416
676969152066756608
676975830627655686
676979493291089920
677120793835278336
677153390145634304
677178495286538240
677235668603506689
677546044218036224
677592548920152065
677615282869968900
677676889184407552
677861187611000832
677886214368722944
677925206590115840
677956996776247297
678239724742422528
678259457864912896
678294693424275456
678336563789602816
678387835209125888
678388701890744320
678391102974631938
678392438285824000
678394892725460993
678397263706738689
678398399012610048
678402150771384320
678408127759388672
678412495703433216
678415611597320192
678418296719437824
678419819377594369
678424680383008768
678578670034804736
678605426556973056
678666803661418498
678700225717002240
678748425614188550
679015185575645184
679042379047788544
679300468154220545
679348542721380352
679385041961623553
679662079884836864
679766144954179584
680434842056699907
680777115051003904
680911743632175104
681143120680062976
681195405393051648
681281190783926272
681475888974807041
681548459678253060
681663502164033536
681838115099701248
681884666941444096
681941092850348032
681955099489497089
681995505170120704
682199321366904833
682281904129708033
682328190988193792
682562460184870912
682757765090152448
682788671259553792
683004721645391873
683005429635497985
683006320354668544
683026492473892865
683088786666991616
683353163416514560
683382333429256192
683426400452370433
683695996136755200
683764746269556736
683772869889888256
683801728609681408
683842294324269058
684013839298478081
684065270529327105
684111811298373638
684139811460890624
684185333232082944
684203133434748928
684422434859184128
684423913863000065
684453584273014784
684520697113231360
684535884675477508
684542443715432449
684788077735374848
684791245235994625
684829324457934849
684885818482278400
684902518179147777
684917395765489664
685139278200963072
685150388979396608
685190775399931904
685191037652996097
685304604989480961
685313369251950592
685353527774822400
685539884321341440
685630323141533696
685883808067932161
685904845602172928
685931117539635201
686206188778852352
686272910806376450
686575998666719232
686631510783471616
686660084366204928
686706267679633408
686739066080129024
686746769263214592
686912978059456516
686933207904841728
687065270842687488
687077802856857602
687092897997524992
687096275729297409
687097406371033088
687099781626331136
687101151725117440
687103005943017474
687107359999705088
687109175973908481
687112266974650369
687273691827273728
687390161806749696
687451900892037120
687636418705911810
687782494993821696
687818083021512704
687820684815396864
687828875821355009
687829391674597376
687831412528025605
687831697946181632
687839074552537090
687841034009731073
687843474717171713
687845824408236033
687850871384850434
687852120775757825
687854258352484353
688019462792953856
688032377688424448
688109252368400384
688122085860749313
688134979495186432
688196146099929092
688387735699243008
688433674212257792
688500552150441989
688510568412532736
688554372964454400
688559089824190464
688758962695442432
688772707270393857
688812839381778434
688871165759217664
688905807027638272
688906412781625344
688906941289074688
688907890208452611
688909611005571072
688910703395258373
688911254304325632
688913824532049920
688915605781614592
688916691321925634
688917116314120192
688922859327098880
688924213256810500
688925707360145408
688928659751759874
688932156572327936
688932332011675649
688933589212344324
688936318420807681
689135154833526784
689161981064957955
689182189314043909
689226031996256258
689268472006586368
689502322955661313
689535352327962624
689577979626819586
689597325468110848
689625123289178113
689632527309479938
689650769147097088
689683714125754368
689878511377588224
690004205910695936
690164705135083520
690279239459938304
690366031496249344
690678915543777280
690692418740453376
690692897360969728
690718044390322176
690911059603927040
691019074600603648
691057718136803328
691072666787299328
691087221361872897
691274811637633024
691348050875326464
691355670289977344
691371008834551808
691384630973313024
691430599618330624
691450338331721729
691771514656530432
691783474810855424
691797519152627712
691802150645690371
691809539075735552
691817131424497664
691824810050113541
691825152888274946
691825501892165632
691826232539922432
691826795658747906
691827765637726210
691829059932852225
691830057459912705
691830530682281990
692020859972771841
692086539069865986
692138918347603968
692191626844901376
692195848407613443
692347859111428096
692373682883264515
692455117216468993
692504890652913664
692507133825409025
692521023653187588
692554304369090562
692772944351748096
692830526411927552
692892144894279681
692893354770563072
692895086170902529
692898355018633216
692900414258286592
692902770865803264
692904511598411778
692910102106501121
692911934077812737
692913905337815044
692914432213655553
692919529622671360
693121725496569856
693133936914997249
693231018858430465
693244415104663552
693465714955399168
693499385305550850
693544385980583936
693579178189426693
693606025773973504
693634950650789889
693647113192882176
693825201923100674
693848484114362368
693893908976144384
693941389768265728
694009853543587841
694161426882105344
694173676535693312
694182123373215745
694195375670976512
694207462094798849
694223294401114112
694263870328741888
694295698725060608
694315133800153090
694377179443040256
694377539364593665
694377694818074625
694377850334527488
694378686104084480
694378891138437121
694379667730649088
694383123702882304
694386200392683520
694388278548656128
694530447020290049
694572597191639041
694575943931797505
694623214283182082
694643994844909569
694712263735910400
694737486157869056
694905815157882880
694942889898590212
694968463622668288
695000118655844352
695000617308274689
695000926390738948
695001261087842305
695060627702689795
695081216496779264
695082251650994176
695083785025675264
695085202243248128
695086025660579840
695089991702204416
695092432929701892
695092834504941572
695094625976127488
695095748413755392
695096030145208320
695233669909204993
695364002570874885
695427552957968386
695429603754553344
695429834768449536
695430320485629952
695431440620650497
695436667398725632
695442138281041920
695443310744240129
695444302869057537
695445837296480256
695450203868954629
695450842728525824
695452827913572352
695454990069035008
695455950392709121
695459206313472000
695665019820888064
695689074921885696
695702667742478336
695732022535462912
695764254855733248
695774072098136064
695801168824508416
695802677696073728
695804396689584130
695805210753703936
695816747048398848
696023384568700928
696115051812487168
696129268116402177
696140660177555456
696148121903108096
696151083643703296
696166430245527553
696177630199083008
696337160945975296
696406595442515969
696412008971763712
696418760278683648
696427737775472642
696458117765201920
696696798967156737
696716488628117504
696817282463322113
696844515479519232
696873437122449412
696877876260532225
696903874125254656
697034785269661696
697058841528111105
697072732547076096
697160858099650561
697239997011922944
697242540630790144
697243406175703040
697245869427552256
697251888316567554
697260464301064193
697264255897174016
697421638716018688
697458033392091136
697506062161879040
697534634020593664
697577439296360449
697599052188426240
697778601282957314
697828774533009409
697852256557928448
697867874933874689
697887066059714560
697921713313415168
697945253781884928
697961393128153088
697963723923787777
697967580770869248
697970268388651009
697971311260389377
697974687322787841
697976074358145025
697979087206359040
697981312423084032
697981964649762816
697984288374050816
697984942987472896
697986100829253632
697990828145434624
697991481047543808
697999576528064512
698361309067419649
698520592912424960
698652012230135808
698675522956607488
698701081564545025
698701161088577540
698701348213288960
698701627373547520
698701892868825088
698707008946622465
698715383176400896
698718835403313152
698884889706422273
698900574738186241
698936090162569220
698965742385926144
699021179458338818
699053811294466052
699302969842495488
699317199027249152
699421429423542276
699449919980072960
699450470776102912
699451069181591552
699451619080073216
699453434773311490
699453832577814529
699454271293648896
699454634872717312
699642861638316034
699702367533584384
699703477669388289
699704385035759616
699704464429727746
699706579311058944
699710681403232256
699710799200329728
699710951562596355
699711465092202496
699789058407579648
699801830352523266
699954097584279552
699984795053514756
700093957619978240
700145508657074177
700153963866386432
700169200837529600
700317069523427328
700382703200276481
700423266410893312
700478265744605184
700495428169564161
700518164451500032
700524062288846848
700528718066819072
700559577100722176
700736425042415616
700753190795485186
700763247679373312
700774221883039746
700782237646606336
700806367267848193
701045886131052546
701074843861544960
701110837910622208
701147880019644417
701168517345841153
701170664770772992
701173100596092928
701183946428702726
701185014860533760
701185438216810496
701185548107571203
701209194112937985
701222343658467328
701476615897874433
701511335260069888
701537245359046657
701610619796111361
701767700775890945
701830242680180736
701853013162467331
701878913375608832
701896834172723202
701925905879293952
701942619228737537
702194363187773440
702252915080216576
702303217510694913
702316449956806656
702319836903428097
702320891435356160
702323771076640768
702324364386107392
702331763746435073
702493065420914689
702575151053987840
702626568825413632
702656200614277120
702672371711242240
702854731723644928
702902122283552768
702928116642144256
702952248599384065
702966350642352128
702978989250326530
703033142924468226
703033493253705728
703034136445976576
703035682651029504
703037753219551232
703039260367126529
703039693752016896
703040311820308480
703043302816354304
703045496638717952
703046973377667073
703055697454436352
703064254535049217
703261606701109248
703345295904501760
703362369561341952
703419188270997505
703568188882214912
703592536221220864
703610149777383424
703625402380591105
703641376714465281
703694383263121411
703731925433896960
703734263041159168
703735244181147648
703737790304002048
703743319986348032
703744706719703041
703745074396602371
703746542839136257
703756656346161152
703760474693832704
703952755547766785
703964972812906502
704060072230412288
704093643121041408
704311160603090944
704389072454815744
704418417596616704
704433741293158401
704506791162474498
704623697773068288
704637754806820868
704666829474562049
704742145840668672
704775424585416710
704814666162241536
704834210079625217
704842828631900161
704845853526265856
704847165454217216
704847414461648897
704847663905284096
704848057838526464
704850687641985024
704856851721146369
704862926671249408
704881748207861760
705029404641009664
705075594451505153
705160472727830528
705176341877014528
705395196817702912
705447546370527233
705496896635346944
705574354894061568
705582286373265409
705586323571261440
705589034182115328
705596132622278657
705598496934633474
705603574575706112
705753283915284480
705873851096420352
705907332446818305
706116330097909761
706181084728401921
706200222586826752
706280429691801601
706302231507820544
706302922255106048
706306473299722240
706324523541336064
706490256598544385
706514002596257792
706560064400699392
706572229014904832
706601727471050752
706649487696130048
706653273432915969
706654121114271744
706655793660235777
706657844217647104
706661996431855620
706662768020209668
706666710158458880
706670045410299904
706672130906312705
706674861024911360
706676163310186496
706844477336326144
706890925277093889
706961192552701952
706987751376347137
706988429586898947
707011428784287745
707040063813754880
707205272830402562
707265206347403264
707271356275146752
707372658397155330
707383345961947136
707395380233818112
707397078331293699
707402019309559808
707404069967699968
707422691918106624
707565768368640000
707601396519051265
707690616218636288
707717775205253121
707752809320620033
707753297789239296
707757234109988864
707763767032020993
707769234999406592
707769860948934657
707774762035052545
707977692818382848
707977945743278080
708005221667086337
708051539752067073
708082871622365184
708094697592508417
708105958363422721
708114512034045952
708123394563284993
708131406212419584
708134958888591360
708140820256440321
708149176723492864
708327065351643136
708386319764951040
708403247795539968
708526634459078656
708672794310156288
708700327017631744
708710158222954497
708710453581651968
708710814115569664
708711606943928322
708716700342943744
708831725678419972
708868283680878592
709019106192842752
709091991036895232
709173429707087873
709173828895825921
709176644574044160
709183868914503682
709183932646862849
709184530234658816
709191756072538112
709192967974686720
709195309562384384
709197723032035328
709391565186330624
709485911629701120
709516883477798912
709525671257755652
709530791831838720
709545127052779520
709571211496448003
709706219905228801
709786692647911424
709836097434558464
709872110651514880
709893380105510918
709896769858043904
709902633830629376
709909344708640768
709909486924865536
709909985803821056
709911251795763201
709930016621002754
709958795997347842
709967521290571777
709975358716641280
710146670093332481
710194278467698688
710243438835441664
710286683296632832
710534620148736001
710599703600082948
710630353422196737
710813865248997376
710847044278214656
710912693885128704
711205708776214528
711273756933693440
711304448308449280
711584662817153024
711657613709201408
711697489993150465
711721323148390400
711983231399305216
712036328268034049
712092398898257920
712092743032504320
712093345049403392
712099377553125376
712279889353768961
712280152944865281
712289758521782273
712297360353837056
712325505391960064
712367073117261826
712384523917516801
712479727693537280
712482554297847808
712490836974571520
712492342297686016
712651060024840192
712684486605955074
712714943951474688
712716361018056706
712716739738517504
712717056458801152
712717499016617985
712736659318571008
712758090614046720
712800282988548096
712988811681206272
713007268615360512
713043349855338496
713107843327524865
713138723701952513
713149848523051008
713172429569449984
713187812590354432
713351197831405568
713372155665186816
713377121889030144
713399612040548353
713425294179184640
713471378704449543
713529061088346114
713737057135370240
713755536236228608
713770759789744128
713812313329967104
713840159138181121
713858982075613184
713888635783946240
713908966858878976
714093306163146752
714133628066762752
714170603301969921
714251417079263232
714307955542372353
714437333098110976
714561295362629633
714561418759114753
714562217635553280
714563584110538757
714564948513460225
714567049863778304
714589515025891329
714611694954106880
714644397497925634
714799928875294721
714829564078198786
714904719819341824
714919922002956288
714942796730204160
714972555057184770
714996377743454208
715162984721592320
715212822884429824
715213723061735424
715213817647489025
715215229072748544
715217362937470977
715217490368827396
715217620325150720
715217729666461696
715218150162173952
715219203658113024
715219851002798080
715237624290488320
715252393248620544
715291004991967232
715302089094782977
715302800343883781
715304478434598913
715308306827460608
715309937958719489
715310922584219653
715312796498571265
715343479421984768
715557893513158656
715602178619080708
715670353968803840
715703842411716609
715726495122108416
715889492746330112
716001006044184577
716023419834392577
716037846575001600
716287389472305152
716367552247504896
716689186674327552
716787846233743360
717028309935263744
717094357011140609
717116245271789568
717127822700122117
717338087387492352
717368808311160833
717449001554075648
717450761387515905
717453556886978561
717459392921255936
717477133631623168
717525749163565057
717535401490137088
717728159672578048
717748413698347013
717755641784352768
717797172154998784
717805848467210241
717866569951481856
717882777882861568
717904776688771072
718067088632492033
718112054683373568
718119617160417280
718127026549424128
718146377151225857
718176631278272512
718217649100967936
718425760952905728
718487029378637824
718515702915796992
718530050723852288
718547661280919552
718574621524680708
718803033413591041
718844772794937344
718862686893658112
718877165249544193
718940200752295936
718951179565162496
719208369404268544
719314174178766849
719337567137751040
719555285518430208
719600916064813057
719610237314080768
719617115217661953
719623601729769473
719677513820086272
719719906279833600
719887714301059072
719917982709784578
719946478895120384
719978036175773696
720054102772883457
720067739293863936
720297155672608768
720363220985229312
720404768967958529
720437215751495680
720450813538279424
720707236159299584
720764824095977473
720778104143273984
720780638333333505
720781463180984321
720784985863626756
720787355209199616
720787852439777280
720791731189510144
720793042341511168
720794512063205376
720794863034372096
720801463153336322
720803199909801985
720804496964718592
720805485977460736
720807300533993472
720810853109338113
720811261215289344
720812281941135365
720813394278944769
720820593420058624
720964183009988608
721031626411622400
721068854042972160
721077044486889473
721092216848908288
721100285175660545
721133437231366144
721139139303841792
721159872985739265
721335026772783104
721383154834141184
721480261737680897
721770041709051904
721862481451200512
722117073065750529
722150542366085122
722172815894556672
722194052129648640
722215597845532673
722238214585487360
722364527719936000
722408699290132480
722443970912108544
722459536540483587
722508698006884352
722600935340523520
722601824818216960
722604783408963586
722609479028748288
722611938233098244
722613998349381637
722614263597121536
722615531258396672
722630094188097536
722795238469738496
722846239335804928
722878358346973184
722893834435211265
722956082306408448
723190318351441920
723260853357674497
723287308171005952
723304185232547845
723488586159534080
723506812998307840
723530002617229312
723533764052324353
723542968850886656
723553794114641920
723578677556965376
723585247443619840
723617111466070018
723663639450947584
723697565712048128
723892209729323008
723980168725979136
724269891063156736
724313224305360896
724393520950210560
724600096071901185
724616455845720066
724630697588211712
724648111403077632
724674303661232129
724690076781916161
724711752928247808
724736171948040192
724762000853626880
724776675205079040
724778204838375424
724813832095289344
724945973353562113
724962897462366208
725002074459512832
725007863106682880
725061441712099329
725077793697062912
725112873714900992
725121898858827777
725124938483556352
725125731274072064
725129061425668096
725132403207995394
725132538814054400
725132892318371842
725133247395598336
725133409308299264
725133992886951936
725134434563973120
725159230903218176
725171200100433920
725309452837130240
725330911902863360
725376672833388544
725388975934955520
725390574929465345
725396721115750400
725415149516013568
725478252156841984
725670275887431680
725743003055185921
725764405074382849
725840534909100032
725854829172514816
726035099125346305
726220886454468609
726538652910686208
726573970594619395
726773343664377856
726789073491349504
726846774250471425
726867935516565504
726878319736672256
726934261002047488
726937251461140482
726938033493299200
727177659185303552
727226308330029061
727280763381522432
727482940914057217
727531382885339137
727575277161857024
727582702749159424
727593188144381953
727615378352836608
727637840620879873
727670062782545924
727845367996256256
727878891646423044
727903361983356928
727912818343825408
727932354883248129
727950990863958021
727991266365952000
728007966629060608
728022596042694656
728030325968900096
728208398261620736
728230016656363520
728294044632129537
728310772208697344
728366819996733440
728387988393238530
728394286736261120
728416300872151040
728571410763939840
728607226332614656
728613495969853440
728662243957596160
728676442523848704
728704692830658560
728748722138533888
728945320823033857
728960604787052544
729009138102112256
729086699666587648
729310545480957952
729327848675102720
729436473842229248
729471431881412614
729703306021326848
729750197467754497
729754618540888064
729811224326750208
729847099056111616
729868122673577984
730019573500510208
730037109134901248
730109255081070592
730126749732868096
730221152145182720
730381439955554304
730465305999380480
730536172456271872
730543448084852736
730557554644770817
730585314209742848
730746465274855424
730762680911400960
730810180410167297
730822607444922368
730866597066211328
730910853604605952
730925276167692288
730955416750948352
731123523813552134
731271572191842304
731482592059527168
731602950523518976
731632320961216513
731925398364151808
731986563505246208
732044880009121792
732213306065223680
732264005239181312
732326511924105220
732373696787152896
732392120686903296
732574280425328640
732592944662892545
732616576546004992
732679134606962689
732699446790762496
732762408255623168
732780632720445440
732991537982939136
733027845136646148
733043070791520257
733075267183378432
733315192528871428
733351592477532160
733359512099422212
733371236005249024
733402964375699457
733448272359129088
733457884344766465
733482175643799553
733502420924399617
733646343135170560
733659177101496320
733694076961329152
733707072018190336
733709925688475648
733757045808234500
733768274970857473
733780318377771008
733815145495941120
733834250923978752
734000138549481475
734083422419714048
734112880178651136
734128406841827328
734143644249264128
734156204432183297
734182751847522304
734184658523430913
734398804158468096
734508643886850053
734554362031181824
734733197032951808
734811611395948546
734812676526870529
734853553852841984
734929339276496897
735103692546809857
735122140916293633
735141691259293697
735177387994800128
735208003155165184
735271751140147201
735454688028569601
735476558949801984
735500275960688643
735531382148059137
735532221956788225
735535658677194752
735543623136186368
735552919953637380
735577428161073152
735587968610631681
735595522506031105
735621352560943105
735637379206152192
735658327812628480
735821664609554433
735843360934645760
735857164670140418
735888289656385537
735891345915707394
735893370539773952
735894176534007808
735936775181479937
735971900275499008
735990443863871488
736000828159315969
736163748977598464
736298618152312833
736332107912491008
736364661524811776
736594003118817280
736647194644713472
736682925266198529
736922729429901313
736964018779394048
737272479052365824
737345906807214080
737409940571181056
737681012713525249
737810565356093440
737827672248717313
738006865100087297
738033823464710144
738114877026226178
738147047786717184
738162503532699648
738188742247260161
738414977489481728
738425229584666624
738446756980068352
738447641370107905
738448464007311365
738450617849524224
738453762575110144
738454595492577280
738471902235131904
738483185240023040
738492027961282560
738508272282533888
738521782588735488
738536082220843008
738551659329138688
738564475771576321
738705629389295621
738745426879369216
738761115161788416
738769078060519424
738788590306500608
738795152504950784
738802447934758912
738822672444887042
738835931898257408
738850588448960512
738853327543341056
738860341526958080
738897355710291968
739095653331046401
739155994035523588
739196157482696713
739204141055102976
739207489632243712
739242286329044992
739487489635667968
739571492028092416
739593541874159620
739790041497501696
739848057559351296
739859132380008448
739983730002022400
739988606970920960
739990452816994304
740003205166321665
740013095012212736
740152594224558080
740181574277287936
740230947816235009
740314992931569664
740349871073398785
740352924203798528
740355614661070848
740360628976668672
740369557173481472
740370424270360576
740370706534436864
740371436439777280
740372092630237184
740372974939852800
740373188220178433
740373403283099648
740379623968608257
740396544403378176
740526342974889988
740710365735100420
740964361552941056
740965834470916097
740972975680290820
740973710593654784
740982988960346112
740996208827731968
741036783698345988
741068137773305860
741076353378844672
741077241409511424
741098335013113856
741110418807115776
741122964813447168
741259364657463296
741315271655317504
741316543800352768
741317714103402496
741367066385584128
741378346404044800
741409978376957952
741425791825776640
741443616594395137
741694471000072192
741717376845123584
741788913476481024
741983463721553920
742068030620962817
742070501032534017
742071728118059009
742072889860579329
742367624089194496
742407644284092417
742407933108092929
742408690985226241
742409362593964032
742409706359119872
742410092457406464
742426734188990464
742443337840484352
742482739257958400
742688472960471041
742734905306681344
742756232411418624
742757215333928961
742758405845176320
742758741305614336
742759450860257280
742760897853198336
742883216105803781
742905381744218114
742917897400557573
743080427569741824
743123070693449728
743157530780655616
743230014833954816
743273251036553217
743459396982812672
743464285972533249
743533823648894976
743547818011394048
743556345606057985
743567954739142656
743583729138995200
743627214923632644
743637734904958978
743785125918420992
743804793420910592
743842950912737281
743869620159909888
743875582333751296
743897609186742272
743959844315602945
744163071074140161
744193553375498241
744532685998161920
744629982757064705
744714049779171328
744876285730627584
744988038493769728
744994276413628416
745005438991728640
745050210372575234
745054252171726848
745063650193457152
745084680865726465
745239426872205312
745255665237655553
745271373363290113
745291887448363008
745292264835014656
745292954626048000
745293890798903298
745298244192862209
745299197600145408
745337568615555073
745361708189782016
745421602565820416
745452309698613248
745588079600218112
745647857345101824
745688969023791104
745692268896595970
745694255767822336
745695909103702016
745726305971372032
745751853116325888
745765814557638656
745782613797969920
746007029546913792
746020796007591938
746063493573509120
746073128644784128
746099306390659072
746135775327092736
746153085488214016
746171897499508739
746341305043783680
746343756123738112
746352589407674368
746406051747008513
746424930179289089
746437359382708225
746476634182660101
746705594887737344
746724745996021760
746750216762720256
746825486676877312
746856200113815552
747081249118949376
747114444514168832
747128992168292354
747137246642442240
747175708800188417
747176012610404352
747177700251545600
747179548010254336
747204292742897664
747432540672266240
747432851843481600
747444345389875200
747446409796915202
747449000857636864
747449278109487104
747449853802909705
747460630249013248
747479209371701248
747513069874589696
747514041078276096
747865622030200832
747924647790936064
748137353298862080
748185186957922304
748194333535395841
748236552346697728
748249006887829504
748323908072448000
748341366242021376
748500552095391745
748545076553347073
748563357771370496
748695422089228292
748711731560579074
748894019208359944
748911159835758594
748925792873279488
748955177281925120
748989663646322688
749045049275609088
749242183362961408
749320471758442496
749348045914079232
749394367748665344
749419180097695744
749680542568722433
749701475350286341
749723223089090560
749742151903289344
749769902563725312
749794902381301760
749980211760996352
750029259956166661
750037589118291968
750379080147537920
750389340635664384
750412719363387392
750412847553863681
750413190543147008
750413515337371648
750413907693596672
750415877456232448
750416665855361024
750419098136416256
750419606758653953
750425270730027008
750426161126240257
750426641344724992
750454711317397504
750471661992849408
750532509096706048
750668519243669504
750697086744719364
750719440786976768
750723543118147585
750729621251981312
750733773277425665
750734210223202305
750767819554381824
750779275217932288
750795094849093632
750807357009997824
750851893480521728
750868980299104256
750881048276439040
751023340198952960
751081918712676352
751092479013695488
751133678269587456
751199631728607232
751245220222689280
751401960381767680
751539842564100096
751540060659515393
751542261175951360
751542474972291072
751543251895721984
751543607891558400
751544249716445184
751544959535288320
751852380120027136
751952082194751489
752157935552176128
752254577844649984
752272179627233281
752285907168919552
752333772322959360
752474802699415557
752491213840904192
752535107437600768
752559624184688640
752666171791454208
752691462223966208
752863722020929536
752887225742925825
752887334786531328
752888042688577536
752889790169841665
752890756369620992
752893748158296068
752895261807116288
752897336007913472
752899016996814848
752900404460023809
752901286677377024
752913890548199425
752954885646278656
753008496099090432
753055678391083013
753237572273500160
753271643179540481
753273187518087168
753273975338364928
753275280077316096
753275598894751744
753276435968757760
753276953780744193
753277364612788224
753277643664027648
753321799681572864
753382670730571777
753395070523629568
753416049949675520
753560766645620736
753616440880693249
753617215568613377
753618387369095168
753620486257569792
753666142137233408
753796129263788032
753962274927304705
753968719626326016
753971186820870144
753973899814141953
753976302970044416
753978880097222656
753982130968035328
753984024960339969
753999369595158528
754121501729849344
754313788938072064
754330779535024129
754338319522201600
754340847655813120
754348981648515072
754379364301701120
754406021024612352
754431177335779329
754681490768736256
754872190957301761
755021918718132225
755058365936447488
755071063843680256
755085094843478016
755085964314308609
755086189112221696
755087553003393024
755088649759428608
755121581827977216
755141681570312192
755148197522051072
755161979866652672
755179347812548608
755222229365972992
755223154168066050
755240874771116032
755374488213086209
755403653498884096
755420257125212161
755436780086759425
755482327266897920
755503761473302528
755534632897175552
755545375361134597
755574238086569984
755580704440913920
755581715918229504
755584109439754241
755587002989412353
755588987033645056
755591516995805184
755592356146085888
755600468483551232
755733883870703616
755821073782992897
755858863300026368
755871154729025537
755898368329670656
755905315120480259
755930994109059072
755938539792134144
755938754590715904
755950742310154241
755955611788054528
755957580703404032
755959963433000960
755962165446766592
755967178285907968
756099802752880642
756140516698456065
756263886379155456
756286150550118401
756315520484384769
756316324096274435
756317550909292544
756319596366495750
756321039609651200
756321959391162368
756323589570322432
756325432002244609
756330871238561792
756331289037402112
756331886704730112
756333445358481412
756520404626214912
756582517566681089
756607450074185730
756607664763834368
756608171125465088
756609196704038913
756609331840315392
756611324596092928
756612369070055425
756613499959275525
756621878995935232
756642903469031424
756644427293007872
756647127187656705
756664755528540160
756681823556628480
756860753668440064
756900726115299328
756901746421690368
756903275841069057
756905359747481600
756909139306110976
756911776478990336
756912653709275137
756914386002972672
756916821962420224
756955836191154176
756992252468195328
756997587522191360
757019012165349376
757032217914642433
757211968541450240
757246458563219456
757260083717935104
757277302074052608
757290614815727616
757307608097325061
757321383374417921
757380230382178304
757404605496061952
757603036978089984
757636305803182080
757697604310433792
757701533857349632
757725952696811522
757729082498912256
757731510002778112
757744658466349056
757751502018609153
757752784447995904
757754260633321472
757756194626895873
757756583430479872
757756727416717312
757759935136600064
757760436842459137
757761430477279232
757762395787911168
757762738433191936
757763989359173632
757766052428312576
757766513013194752
757766649474912257
757767223134093316
757767949327400964
757769136269320193
757773990173806592
757774363458433024
757774948928720896
757776714273546241
757777047523557376
757778054815047680
757778172205203456
757783077217193985
757926349302472704
758006314446360576
758021854770724864
758058242790555648
758067698253303810
758070337703510018
758073231748259840
758078343845515264
758089389276889088
758094764566732800
758098017601880064
758099837795663872
758103750766628864
758106679590420480
758110302068178944
758121015490715648
758125611869167616
758126571697963009
758129111525097472
758129399480717314
758131287085506560
758131784857088001
758132785123123205
758136895146758147
758140220340572160
758314209272823808
758328057325244416
758357998838222848
758370570069237760
758432301353017344
758444896512606208
758450423002959872
758452780990402560
758453050285621249
758457565701296128
758457774351093761
758463152698851328
758471581639254016
758472094778847233
758472237326434305
758472682853830656
758473028527280128
758473271604051968
758473736857251844
758476529462546432
758476802943627264
758477059286982657
758478073587085312
758478362587168768
758478812975726592
758491460685615104
758492329888014337
758495565546151936
758497069313171456
758497423169843200
758498099581054976
758498410018312192
758498819759804416
758499540584501249
758500036149927936
758500126730162176
758500391730483204
758500575650676736
758500973836922880
758501102304264192
758501211012210689
758501814945869824
758502354329169924
758502698765385728
758503496782077952
758503605238427649
758503716223913984
758504576035262464
758504673972191232
758506190691299329
758507103057223685
758507446675668996
758507811550728192
758508281937534976
758511969850777600
758682601213325312
758720181631913985
758740516154421248
758804822954954752
758822837612228608
758825299370913792
758831770833858564
758833008967163904
758836472325615616
758841983330725888
758845287817355264
758845669280878593
758845812092702720
758846722625855496
758848201948442625
758848449424920577
758849619631538176
758852632207167488
758852840580276225
758853003180843008
758853465086894082
758853671920672769
758854178240274433
758854732622417921
758854807809470465
758854919189176320
758855196852092928
758855347138244608
758855505938780161
758855835371966464
758856080793317378
758856228160217090
758856475011715072
758857350899916800
758857467597959171
758857758137397248
758858155317014528
758858968718385152
758859084166668289
758859571699912706
758860629306290176
758860737838059531
758861238243762180
758861340320501761
758861701022220288
758862140694331393
758862726391148544
758862933489127425
758863021305278464
758863680037466116
758863989132496897
758864122205261824
758864218439286784
758864487717810176
758864830119895041
758865064484974593
758865484209008640
758865582603198465
758866254333489152
758866600330039298
758867285167644672
758871502590574594
758874703771471872
758882182253338628
759079265233149953
759106829670506497
759116867730571265
759181533743681536
759209887209549824
759388655576154113
759420944486174722
759482950794809344
759485454882312192
759487366277001216
759516788073885701
759549269368041472
759560905952677888
759754839836327936
759781226731438080
759864504276713473
759889007455207424
759917053524316161
759931755163848709
760100389932773377
760225566318555140
760264360291815424
760294537101058049
760450399870578688
760507891166085120
760531542317764608
760663995275677696
760836150760050689
760912806036303872
760954516334374913
760954895767863296
760955255542743042
760990664373002245
761183870196867072
761199386227511296
761236077294260224
761296210418397184
761307468928462848
761322212716609536
761399185258127360
761544914144403456
761583989077532674
761604762030792704
761605038850596864
761643508054712320
761670119458217984
761691520218955777
761714706532995072
761934268033540097
761956307054235648
762000226811011072
762003451584745472
762059962101198848
762076523432116224
762326407649329152
762361057394458624
762415706453356545
762476184047198208
762623255005966336
762668316842401794
762675570937298944
762677497691566081
762737540470374400
762738782269476864
762739172054601728
762747771246051328
763032112689623040
763090844169764866
763103518773436416
763167527933386752
763460083313434625
763460795644641280
763481807425773568
763484156827471873
763540143034609667
763565546512248832
763742392503730176
763785696041730049
763786048702967808
763786270237687808
763793285219438592
763794244964347904
763795811771777024
763796425037713408
763797656846102529
763797895111933952
763799303831822336
763800851693568001
763801168950820868
763802816762802176
763803468347928577
763827045503737860
763845551628574720
763873378897985536
763906007600803840
764072221933318144
764105343978930176
764119077732442112
764122715812945920
764133361560485888
764148577643929600
764186498044456961
764219041020055552
764286957547577344
764462062776950785
764497479182196736
764527930777202688
764582239539699712
764890514713899008
764970778852986880
764994984022052865
764996549558534144
765163960504950784
765186092597477377
765233814255857664
765235166012932096
765235420724625408
765236752336429056
765238409669537792
765238605837111300
765238753225048064
765247533727834112
765255239356260353
765270946693382145
765288353419890688
765340564569161728
765352872016023552
765522203563536384
765554761231892480
765579185582698497
765606382271918080
765609303017451520
765626239679946752
765643496023728128
765675613034250240
765684563368706048
765726870080020481
765744781129547777
765898264709304320
765969781916860416
765981557790244864
766003719213314048
766020053464707073
766065224717918208
766077240438382597
766091955898023936
766289045144109056
766317555631861760
766333101203197953
766353681885212672
766385768516419584
766403410090483712
766642051844800512
766679583890497536
766708716263526400
766757098592079872
766776538679443456
767007582556786688
767046604041912320
767104881253548034
767183928344059904
767354949613346816
767366136824467456
767434140497084416
767468704317661184
767497704591257604
767757680316342273
767827749063057409
767864768166240256
767890423188746241
767904999590522880
767918458612875264
767923716038750208
768085260542152704
768101311741038592
768178673316990976
768216514713513984
768257096290742272
768471887903096833
768508732623970304
768536760662056960
768539813913985024
768569354959065088
768626213015478277
768823064033308673
768830280585052160
768864106656956420
768886152329830400
768890594538164224
768890947228663808
768891920731017216
768892546470801408
768892730785267713
768893360702648321
768893565095280641
768893816053071872
768894878105427968
768895538267906053
768910514688815105
768933949217312768
768959490930581506
769008821515739136
769159604286533632
769174024396103680
769194879448604672
769207018045321216
769209001464573952
769211873283551232
769218931806511104
769253817128849408
769262968664010752
769280539123601408
769294148792754177
769313795416219648
769574799966367744
769598338576547841
769684579561201665
769901439841865728
769932174191648770
769956055145189376
769983034464563200
770005293757505536
770046784722829312
770273692387450882
770291230966251520
770331185692180480
770381671996719104
770432675672887296
770445170089287680
770680497697648640
770686736221499392
770733246032347136
770752265552531456
770762224289841152
770834003985301504
770959899186561024
770992562618368000
771006655316320260
771037992811163648
771072624227123200
771101401468563456
771105785996775424
771122533609373700
771126030631403520
771154406037450752
771156031401521153
771165328311250945
771168270711975936
771331483772579840
771398407877517312
771457054133321728
771484431219564544
771691993835638784
771775910278291456
771801270113935360
771833178092933120
771899397437259776
772073250561986560
772118606582775808
772182265375952897
772208796928212993
772439580691861504
772504589102899201
772578400208842752
772799454806155264
772836300722434048
772873887214407680
772893252898983936
772917063522328576
772963506127765505
773130397232275458
773249047935197184
773277667164585984
773325006130515968
773353464223129601
773484097159192576
773520924607930368
773532014511349761
773616523990761472
773627088683339776
773648127366688768
773673141323399168
773679891434856448
773682724527824897
773684415054708736
773685541271379968
773690611971088384
773697548389380097
773727805263736832
773855854831493121
773884319030976512
773890674521440256
773893169717149697
773945829577162757
774020340850761728
774022705515368448
774023910018777092
774024262352941057
774026353645584384
774026882966777856
774050466120409088
774062203213385728
774076193259810816
774245447514873858
774255625673072640
774271773340729344
774279952187416577
774286177369284612
774330575230472192
774349582981558273
774402528490520576
774411853938171904
774426775581495297
774435466863149057
774610373114732545
774641850238005248
774671254850772992
774685012335726592
774776399899070464
774790797707321345
774804256901693440
774942510582038529
775330910635958274
775435555601543168
775435854466744320
775451233536577536
775456345474695168
776117687936282624
776195158245306368
776392901362319360
776621762545156096
776749248943628289
776826132691881985
776826575161614336
776828281488281600
776828640554323968
776830537767981056
776883038651162624
776907829022195713
777177731536596992
777301674377478144
777613325299355648
777664718848745473
777673718982184964
777702286499860480
777903138221109248
778286389448339457
778414941376245760
779055195607166977
